2575 2581 2592 2569 2713 2416 2523 2783 2360 2389 2351 2660 2334 2326 2340 2371 2657 2572 2596 2360 2746 2471 2663 2595 2345 2473 2633 2224 2848 2596 2002 2715 2613 2338 2585 2383 2546 2357 2619 2483 2640 2220 2380 2538 2399 2446 2546 2744 2342 2298 2649 2357 2719 2931 2665 2921 2481 2165 2599 2497 2373 2777 2339 2461 2449 2471 2364 2349 2450 2492 2692 2716 2646 2300 2611 2514 2458 2438 2602 2607 2643 2446 2492 2582 2317 2680 2684 2437 2769 2596 2615 2433 2649 2463 2357 2631 2521 2284 2420 2582 2420 2685 2424 2311 2455 2510 2412 2373 2349 2294 2495 2723 2805 2518 2522 2612 2313 2754 2237 2209
2765 2530 2512 2667 2719 2660 2446 2977 2513 2409 2719 2862 2326 2330 2646 2618 2755 2470 2749 2464 2728 2598 2662 2697 2409 2705 2698 2497 3080 2682 2201 2633 2807 2425 2654 2509 2737 2551 2725 2712 2746 2480 2644 2611 2312 2651 2737 2814 2581 2604 2822 2411 2598 2942 2627 2850 2809 2328 2462 2600 2669 2547 2394 2619 2346 2300 2476 2613 2743 2557 2867 2571 2653 2585 2896 2620 2652 2697 2603 2785 2794 2478 2549 2769 2351 2446 2518 2498 2713 2713 2844 2443 2856 2449 2693 2572 2601 2585 2384 2746 2618 2688 2289 2587 2521 2525 2580 2694 2654 2529 2695 2755 2789 2614 2443 2763 2375 2861 2419 2481
2563 2377 2433 2523 2399 2363 2402 2716 2310 2074 2463 2663 2090 2068 2254 2268 2544 2371 2601 2028 2602 2152 2486 2322 1926 2328 2383 2347 2605 2519 1873 2396 2385 2069 2382 2220 2421 2214 2418 2303 2418 2275 2291 2469 2310 2287 2319 2397 2274 2506 2531 2181 2421 2575 2500 2717 2500 2155 2312 2430 2424 2371 2020 2339 2252 2186 2218 2235 2327 2409 2414 2378 2374 2080 2444 2209 2261 2255 2486 2517 2424 2277 2437 2516 2328 2395 2303 2171 2534 2320 2583 2276 2491 2299 1988 2459 2426 2212 2240 2440 2301 2533 2368 2146 2373 2310 2262 2484 2439 2257 2431 2532 2605 2378 2382 2439 2038 2526 2455 2086
2328 2415 2283 2479 2558 2368 2260 2684 2471 2415 2373 2660 2399 2297 2239 2450 2446 2319 2539 2324 2702 2270 2257 2370 2132 2507 2511 2188 2597 2461 2165 2360 2482 2243 2689 2343 2400 2364 2384 2369 2537 2302 2333 2606 2169 2450 2399 2489 2404 2393 2594 2234 2437 2598 2436 2754 2497 2111 2329 2424 2338 2480 2159 2393 2225 2262 2469 2287 2148 2506 2651 2263 2332 2306 2398 2312 2452 2399 2360 2626 2587 2199 2381 2637 2312 2410 2453 2158 2536 2616 2381 2398 2668 2279 2239 2411 2323 2296 2235 2482 2438 2659 2292 2220 2422 2332 2381 2429 2240 2455 2495 2435 2725 2488 2526 2309 2247 2553 2064 2330
2524 2284 2451 2604 2692 2549 2243 2720 2310 2239 2303 2476 2228 2281 2272 2325 2604 2387 2604 2141 2640 2215 2496 2424 2206 2339 2516 2245 2780 2352 2043 2481 2433 2209 2474 2452 2535 2390 2444 2298 2549 2305 2147 2362 2343 2449 2334 2360 2347 2419 2727 2229 2489 2804 2543 2752 2730 2025 2580 2418 2291 2532 2098 2287 2356 2381 2382 2254 2447 2492 2633 2287 2418 2174 2444 2325 2415 2301 2536 2628 2597 2385 2556 2527 2264 2509 2378 2217 2497 2563 2495 2396 2677 2282 2254 2479 2417 2228 2218 2498 2263 2480 2282 2163 2480 2178 2311 2235 2320 2477 2497 2686 2774 2544 2390 2576 2246 2444 2190 2177
2518 2404 2562 2544 2456 2537 2312 2696 2444 2278 2288 2665 2202 2328 2399 2439 2578 2285 2644 2108 2712 2500 2543 2458 2093 2450 2614 2333 2670 2370 2201 2422 2324 2172 2540 2299 2487 2431 2497 2498 2515 2113 2435 2390 2239 2249 2577 2698 2538 2319 2712 2383 2617 2814 2604 2691 2589 2253 2399 2290 2454 2605 2305 2432 2474 2364 2464 2381 2428 2243 2626 2400 2623 2333 2409 2361 2521 2350 2637 2554 2594 2345 2399 2587 2336 2364 2339 2277 2426 2655 2483 2480 2636 2353 2401 2425 2360 2438 2449 2626 2436 2665 2425 2253 2477 2289 2254 2399 2269 2397 2532 2613 2875 2321 2455 2365 2099 2662 2336 2284
2376 2582 2612 2658 2561 2606 2336 2903 2521 2390 2474 2881 2470 2204 2635 2285 2845 2374 2593 2425 2739 2487 2582 2695 2164 2381 2767 2473 2664 2571 2049 2670 2612 2333 2514 2365 2713 2382 2581 2449 2650 2291 2646 2750 2428 2338 2334 2684 2505 2416 2612 2319 2595 2834 2571 2716 2724 2215 2516 2611 2585 2623 2246 2499 2397 2326 2223 2463 2490 2408 2670 2522 2598 2343 2537 2438 2410 2392 2592 2713 2674 2404 2278 2522 2445 2593 2495 2403 2640 2690 2557 2515 2920 2573 2575 2559 2577 2479 2363 2588 2460 2757 2361 2389 2415 2508 2407 2516 2475 2405 2708 2585 2617 2569 2540 2542 2136 2612 2326 2317
2048 2077 2133 2242 2156 2189 2057 2441 2142 2138 2096 2291 1802 1975 2090 2191 1974 1842 2116 2008 2307 1898 2221 2084 1848 2086 2215 2010 2357 2012 1848 2091 2109 2105 2238 1925 2391 2188 2117 2155 2170 2133 2038 2374 1849 2012 2172 2303 2222 2245 2200 2004 2113 2455 2264 2367 2367 1857 2102 2174 1967 2165 1781 2303 2088 2068 2074 1959 2173 2103 2461 1934 2148 2030 2167 1961 2079 2202 2180 2203 2458 2103 2131 2271 1934 2104 2191 1988 2398 2325 2235 2248 2387 2100 1886 2133 2297 2013 2219 2283 1981 2362 1894 2121 2078 2031 2132 2083 2042 2234 2160 2079 2277 2092 2037 1987 2103 2248 1829 1985
2393 2433 2364 2485 2331 2477 2330 2703 2249 2401 2250 2462 2336 2110 2494 2344 2539 2423 2409 2182 2456 2267 2444 2501 2061 2265 2275 2124 2558 2387 2065 2452 2517 2178 2395 2316 2310 2260 2342 2501 2524 2051 2511 2400 2249 2486 2435 2599 2442 2401 2500 2112 2440 2679 2450 2762 2589 2079 2301 2187 2259 2457 2215 2382 2436 2350 2225 2418 2341 2301 2666 2260 2532 2281 2455 2586 2365 2461 2443 2714 2513 2304 2459 2488 2121 2316 2385 2255 2488 2598 2604 2396 2521 2452 2334 2472 2307 2153 2204 2440 2338 2616 2128 2265 2263 2411 2370 2568 2237 2448 2394 2600 2585 2338 2554 2572 2226 2666 2299 2383
2644 2418 2585 2436 2659 2621 2564 2926 2550 2352 2455 2725 2461 2334 2458 2320 2727 2556 2482 2245 2645 2651 2699 2592 2217 2453 2641 2496 2742 2478 2032 2491 2721 2230 2623 2408 2660 2539 2555 2718 2741 2302 2495 2569 2395 2197 2445 2596 2382 2319 2831 2359 2401 2875 2794 2960 2729 2146 2515 2627 2482 2829 2262 2448 2362 2410 2431 2526 2648 2447 2688 2532 2703 2464 2478 2377 2453 2485 2726 2714 2725 2427 2533 2671 2412 2565 2473 2433 2732 2837 2688 2450 2755 2588 2284 2545 2508 2409 2526 2709 2276 2692 2340 2239 2491 2474 2428 2573 2461 2427 2526 2728 2690 2596 2323 2523 2224 2728 2252 2231
2570 2798 2753 2998 2770 2831 2429 2962 2593 2504 2674 2915 2306 2434 2821 2627 2828 2524 2842 2422 2903 2638 2746 2606 2362 2617 2815 2477 2758 2678 2284 2763 2745 2398 2671 2604 2696 2719 2730 2509 2652 2534 2606 2563 2300 2595 2670 2990 2776 2703 2790 2484 2611 3168 2847 2980 2787 2372 2551 2631 2648 2742 2298 2731 2404 2451 2667 2609 2642 2596 2902 2541 2691 2589 2829 2567 2693 2792 2676 2893 2753 2479 2567 2851 2469 2722 2579 2488 2670 2775 2893 2523 3069 2588 2653 2746 2723 2666 2495 2672 2602 2847 2528 2489 2568 2686 2555 2530 2559 2580 2760 2737 2826 2593 2592 2677 2289 2768 2470 2482
2740 2769 2617 2652 2827 2620 2508 2960 2379 2581 2536 2786 2555 2378 2706 2496 2808 2576 2653 2483 2904 2462 2510 2686 2260 2602 2798 2435 2759 2665 2160 2576 2660 2356 2640 2395 2762 2600 2637 2566 2768 2352 2560 2670 2399 2408 2491 2800 2503 2484 2872 2414 2757 2962 2746 3039 2734 2178 2685 2544 2474 2799 2298 2498 2609 2436 2404 2461 2587 2575 2903 2846 2754 2518 2530 2497 2633 2554 2742 2796 2830 2567 2659 2726 2505 2692 2541 2380 2778 2977 2823 2570 2895 2561 2519 2693 2595 2602 2472 2726 2473 2834 2662 2464 2683 2641 2394 2584 2590 2475 2810 2792 2877 2794 2559 2561 2340 2685 2430 2268
2692 2657 2794 2879 2992 2857 2457 2990 2577 2646 2769 2955 2335 2505 2655 2579 2870 2683 2776 2671 2908 2501 2773 2759 2375 2687 2681 2554 2931 2620 2431 2775 2702 2397 2681 2753 2629 2755 2620 2511 2904 2354 2620 2675 2621 2610 2649 2765 2797 2621 2945 2522 2583 3032 2667 2948 2919 2178 2662 2669 2598 2785 2385 2701 2799 2925 2525 2538 2592 2538 2987 2750 2868 2704 2789 2595 2526 2633 2658 2945 2793 2491 2669 2653 2486 2646 2704 2595 2824 2771 2858 2672 3052 2706 2591 2731 2509 2481 2445 2759 2733 2930 2620 2596 2753 2760 2523 2769 2548 2649 2831 2899 2875 2791 2664 2757 2400 2729 2510 2461
2469 2483 2650 2652 2743 2415 2286 2790 2224 2290 2415 2749 2219 2185 2525 2451 2693 2390 2591 2230 2679 2424 2566 2550 2194 2537 2640 2357 2769 2365 2130 2513 2464 2234 2474 2324 2617 2472 2516 2414 2621 2264 2268 2639 2163 2491 2255 2584 2416 2365 2888 2308 2503 2693 2661 2724 2617 2157 2440 2417 2348 2515 2265 2370 2381 2210 2422 2356 2475 2556 2486 2284 2562 2315 2435 2162 2365 2346 2426 2613 2667 2212 2563 2373 2362 2592 2423 2214 2450 2517 2472 2356 2757 2435 2409 2357 2583 2421 2334 2714 2480 2589 2334 2236 2490 2401 2247 2430 2286 2438 2517 2557 2652 2522 2392 2383 2192 2591 2476 2143
2701 2293 2659 2728 2768 2797 2501 3042 2824 2482 2636 2856 2533 2371 2649 2549 2782 2455 2650 2246 2699 2548 2713 2715 2110 2571 2641 2638 2929 2514 2267 2739 2698 2285 2782 2507 2604 2623 2654 2614 2684 2516 2546 2704 2187 2612 2543 2758 2589 2739 2635 2378 2628 2951 2904 2914 3011 2266 2572 2553 2663 2821 2204 2602 2703 2603 2579 2512 2801 2580 2869 2799 2565 2565 2629 2421 2524 2648 2884 2769 2963 2516 2743 2840 2512 2691 2638 2602 2701 2958 2882 2695 2889 2674 2333 2575 2624 2709 2488 2648 2516 2915 2619 2386 2638 2594 2506 2638 2582 2645 2546 2799 2928 2633 2740 2766 2387 2920 2454 2401
2415 2336 2280 2309 2374 2314 2111 2527 2011 2195 2144 2512 2170 2026 2200 2247 2418 2170 2264 2043 2247 2252 2283 2304 2027 2141 2428 2177 2493 2319 1888 2310 2327 1997 2166 2172 2369 2238 2141 2317 2461 2025 2323 2117 2103 2078 2149 2135 2127 2122 2270 2074 2095 2707 2384 2617 2557 1945 2270 2076 2146 2243 2045 2264 2018 2170 2191 2257 2270 2247 2321 2420 2326 2280 2253 2098 2173 2283 2196 2646 2396 2096 2207 2204 1994 2197 2198 2163 2325 2354 2455 2196 2429 2342 2194 2185 2284 2016 2160 2253 2105 2375 2122 2127 2235 2224 2003 2270 2156 2279 2190 2376 2287 2187 2236 2256 1950 2491 2176 2006
2496 2459 2509 2679 2678 2433 2373 2730 2438 2116 2361 2618 2198 2041 2455 2238 2565 2454 2382 2340 2481 2408 2376 2464 2129 2383 2480 2410 2539 2353 2253 2477 2407 2241 2497 2254 2406 2440 2460 2485 2549 2326 2427 2406 2345 2404 2392 2539 2302 2274 2542 2280 2447 2809 2507 2692 2705 2132 2404 2232 2233 2547 2222 2314 2338 2356 2266 2364 2318 2310 2415 2481 2546 2321 2557 2346 2126 2508 2449 2706 2465 2344 2366 2559 2183 2432 2372 2237 2419 2500 2347 2244 2519 2379 2297 2448 2510 2219 2238 2423 2350 2520 2226 2348 2431 2533 2046 2425 2471 2409 2373 2512 2688 2323 2384 2484 2152 2706 2329 2310
2552 2370 2494 2703 2628 2595 2361 3046 2375 2462 2561 2741 2286 2345 2505 2434 2478 2331 2475 2322 2862 2212 2522 2636 2160 2589 2462 2434 2792 2506 2137 2547 2589 2213 2533 2709 2600 2539 2403 2576 2748 2282 2426 2574 2407 2588 2499 2778 2437 2527 2654 2208 2494 2709 2659 2907 2693 2276 2558 2475 2460 2633 2274 2272 2448 2476 2413 2214 2665 2436 2826 2588 2538 2373 2700 2586 2526 2495 2698 2716 2809 2410 2643 2767 2322 2662 2606 2399 2586 2677 2462 2453 2759 2288 2419 2449 2672 2305 2328 2720 2549 2633 2551 2486 2446 2362 2563 2670 2439 2395 2547 2700 2724 2642 2453 2532 2221 2641 2327 2360
2758 2704 2705 2850 2762 2742 2680 3160 2471 2372 2670 2944 2399 2444 2720 2630 2759 2575 2711 2439 2911 2605 2722 2578 2169 2741 2734 2637 2807 2850 2259 2635 2656 2327 2577 2334 2886 2534 2509 2875 2752 2523 2674 2901 2283 2456 2571 2789 2523 2571 2700 2363 2674 2823 2896 2856 2892 2380 2710 2619 2609 2703 2364 2543 2531 2553 2486 2470 2725 2503 2867 2620 2778 2508 2703 2768 2795 2606 2778 2815 2880 2482 2674 2872 2499 2702 2711 2374 2613 2845 2770 2710 3179 2638 2490 2554 2764 2591 2481 2878 2460 2953 2761 2487 2734 2670 2464 2786 2678 2565 2682 2743 2832 2726 2633 2590 2427 2734 2605 2246
2469 2250 2431 2396 2673 2424 2166 2732 2180 2359 2390 2563 2209 2210 2499 2365 2502 2402 2421 2287 2386 2423 2600 2562 2126 2254 2421 2269 2567 2311 2119 2314 2522 2089 2388 2253 2530 2381 2522 2490 2562 2207 2218 2273 2208 2333 2310 2471 2340 2244 2783 2315 2321 2598 2424 2649 2456 2012 2312 2416 2300 2589 2038 2310 2452 2366 2277 2217 2366 2291 2628 2385 2514 2289 2467 2298 2255 2429 2291 2524 2650 2173 2329 2630 2317 2433 2210 2262 2466 2393 2509 2355 2601 2354 2313 2268 2223 2344 2364 2552 2272 2686 2199 2202 2445 2415 2202 2497 2345 2350 2434 2475 2531 2317 2231 2355 2132 2425 2189 2164
2335 2209 2339 2379 2477 2385 2073 2857 2175 2220 2235 2485 2163 2189 2313 2158 2465 2199 2410 2166 2498 2369 2555 2337 2062 2483 2270 2286 2714 2480 1983 2316 2530 2091 2401 2325 2389 2357 2319 2428 2390 2140 2221 2227 2157 2271 2323 2522 2228 2338 2665 2148 2364 2718 2377 2622 2574 2078 2416 2197 2334 2529 2160 2224 2277 2289 2273 2057 2445 2262 2508 2250 2452 2139 2362 2254 2326 2251 2325 2680 2534 2146 2378 2598 2110 2263 2207 2183 2391 2351 2498 2233 2602 2304 2309 2256 2345 2168 2183 2457 2323 2382 2027 2191 2446 2288 2110 2176 2459 2299 2276 2625 2473 2317 2297 2479 2154 2336 2183 2153
2397 2412 2253 2605 2642 2568 2255 2791 2459 2408 2443 2578 2521 2298 2469 2385 2660 2406 2528 2237 2498 2485 2452 2456 2231 2426 2559 2369 2718 2400 2129 2523 2640 2165 2608 2348 2569 2392 2504 2389 2620 2353 2327 2507 2096 2330 2462 2705 2474 2377 2703 2173 2509 2750 2642 2846 2735 2124 2416 2332 2342 2725 2229 2395 2469 2209 2438 2451 2522 2499 2743 2507 2524 2313 2330 2351 2451 2480 2627 2670 2600 2220 2435 2566 2143 2474 2435 2202 2589 2792 2656 2494 2601 2396 2478 2335 2547 2248 2300 2536 2429 2768 2309 2306 2462 2335 2422 2197 2304 2382 2562 2428 2717 2454 2478 2258 2104 2565 2089 2198
2580 2497 2645 2614 2645 2675 2328 2721 2551 2358 2593 2840 2223 2314 2493 2453 2676 2409 2584 2283 2804 2327 2692 2450 2147 2529 2654 2365 2822 2635 2105 2501 2472 2181 2639 2446 2574 2454 2461 2598 2694 2355 2529 2646 2475 2366 2527 2724 2516 2521 2853 2416 2490 2993 2701 2653 2554 2274 2588 2605 2378 2515 2255 2529 2408 2383 2412 2415 2413 2423 2545 2556 2621 2331 2509 2455 2398 2442 2415 2702 2682 2389 2321 2589 2239 2615 2465 2470 2576 2528 2726 2376 2758 2354 2129 2485 2485 2407 2382 2555 2505 2731 2294 2299 2561 2466 2253 2411 2405 2414 2473 2612 2589 2647 2336 2511 2161 2752 2395 2293
2613 2389 2572 2734 2684 2696 2322 2879 2359 2318 2534 2639 2275 2216 2476 2396 2456 2312 2457 2374 2700 2465 2473 2413 2311 2479 2475 2360 2640 2449 2244 2433 2585 2102 2344 2323 2682 2464 2493 2573 2554 2364 2397 2519 2284 2269 2437 2550 2401 2473 2528 2252 2418 2702 2786 2754 2580 2407 2465 2395 2384 2654 2040 2518 2400 2296 2366 2360 2651 2376 2681 2520 2351 2268 2544 2495 2479 2593 2595 2778 2576 2458 2536 2732 2088 2444 2469 2288 2677 2690 2566 2436 2726 2312 2109 2472 2477 2432 2329 2665 2316 2654 2378 2231 2395 2422 2215 2400 2267 2461 2376 2699 2654 2629 2373 2445 2305 2674 2411 2221
2466 2445 2363 2520 2579 2259 2319 2637 2265 2307 2382 2666 2256 2350 2366 2416 2465 2306 2440 2183 2577 2224 2293 2324 1939 2520 2320 2195 2579 2406 2040 2360 2572 2073 2451 2434 2465 2277 2395 2529 2449 2357 2281 2512 2193 2454 2435 2717 2370 2398 2486 2033 2491 2798 2345 2723 2429 2124 2347 2157 2347 2526 2319 2375 2356 2287 2343 2196 2402 2242 2583 2391 2425 2428 2540 2489 2481 2437 2473 2556 2615 2304 2414 2521 2252 2513 2441 2337 2377 2575 2552 2230 2646 2236 2302 2517 2420 2314 2237 2497 2485 2485 2213 2223 2426 2420 2339 2441 2416 2327 2539 2487 2577 2470 2580 2335 2110 2483 2264 2162
2460 2364 2474 2569 2617 2608 2333 2744 2294 2227 2632 2650 2273 1978 2447 2228 2726 2433 2592 2354 2450 2545 2545 2437 2213 2300 2393 2338 2628 2491 2179 2434 2537 2236 2380 2478 2521 2391 2457 2472 2489 2137 2348 2620 2338 2435 2395 2474 2305 2330 2636 2244 2250 2762 2527 2759 2637 2191 2332 2475 2369 2641 2188 2315 2364 2249 2241 2264 2423 2316 2649 2350 2553 2329 2613 2432 2364 2287 2507 2634 2522 2350 2451 2554 2228 2452 2451 2259 2520 2552 2560 2295 2624 2429 2391 2400 2363 2421 2198 2482 2337 2536 2221 2384 2422 2532 2136 2389 2472 2335 2450 2545 2682 2444 2313 2508 2186 2564 2263 2318
2309 2396 2405 2545 2524 2448 2209 2657 2419 2317 2551 2489 2293 2091 2486 2398 2354 2305 2661 2242 2519 2306 2337 2319 2161 2354 2485 2271 2503 2516 2175 2522 2432 2278 2551 2394 2424 2438 2442 2189 2495 2019 2201 2450 2337 2353 2637 2638 2496 2348 2521 2250 2470 2735 2480 2519 2493 1982 2267 2309 2318 2559 2191 2430 2432 2381 2287 2266 2245 2426 2684 2497 2531 2130 2340 2438 2499 2358 2445 2527 2407 2133 2480 2523 2406 2487 2452 2320 2546 2358 2588 2469 2443 2472 2311 2315 2322 2270 2245 2418 2449 2756 2394 2471 2330 2345 2247 2348 2334 2409 2543 2605 2807 2232 2351 2363 2041 2630 2254 2166
2553 2484 2529 2514 2575 2703 2512 3002 2514 2422 2443 2617 2494 2321 2566 2487 2770 2504 2612 2186 2622 2444 2584 2502 2311 2371 2600 2438 2801 2532 1947 2626 2577 2218 2516 2487 2529 2455 2495 2644 2703 2237 2674 2647 2309 2552 2381 2668 2587 2539 2712 2318 2464 2903 2713 2802 2722 2259 2494 2609 2449 2613 2290 2461 2371 2358 2364 2440 2511 2532 2677 2563 2545 2446 2558 2546 2396 2640 2681 2791 2693 2308 2646 2728 2398 2565 2702 2331 2528 2649 2661 2296 2782 2588 2467 2547 2528 2490 2356 2678 2408 2712 2266 2497 2491 2526 2491 2508 2512 2362 2444 2794 2638 2553 2487 2711 2292 2835 2423 2460
2525 2561 2598 2584 2691 2489 2274 2864 2240 2199 2512 2668 2304 2170 2404 2413 2681 2423 2651 2360 2725 2314 2545 2464 2272 2593 2714 2438 2656 2361 2128 2456 2478 2028 2417 2354 2591 2402 2451 2487 2617 2438 2430 2467 2146 2254 2339 2543 2351 2339 2717 2185 2594 2696 2520 2701 2685 2175 2329 2274 2427 2611 2196 2517 2391 2521 2320 2314 2408 2383 2544 2440 2524 2249 2527 2428 2440 2513 2701 2461 2623 2306 2565 2583 2227 2488 2501 2323 2662 2514 2558 2433 2708 2550 2201 2509 2441 2460 2465 2526 2497 2468 2237 2422 2530 2402 2384 2342 2441 2491 2511 2521 2676 2495 2495 2483 2191 2596 2310 2232
2305 2368 2309 2261 2529 2172 2300 2580 2191 2183 2386 2565 2130 2099 2338 2268 2337 2373 2688 2027 2381 2245 2418 2268 1949 2373 2479 2300 2711 2331 1991 2404 2540 1978 2435 2343 2348 2306 2360 2407 2476 2359 2063 2409 1976 2320 2295 2466 2268 2295 2513 1988 2241 2574 2296 2536 2358 1882 2126 2207 2282 2528 2026 2099 2132 2125 2361 2194 2349 2454 2541 2383 2321 2339 2307 2241 2383 2349 2376 2369 2457 2231 2288 2511 2413 2421 2313 2189 2204 2369 2447 2182 2494 2251 2361 2397 2233 2499 2048 2299 2263 2511 2130 2263 2471 2249 2347 2344 2303 2136 2360 2533 2495 2344 2207 2325 2012 2500 2152 2115
2626 2302 2333 2610 2467 2388 2318 2835 2558 2444 2484 2681 2210 2194 2408 2485 2645 2492 2350 2260 2510 2336 2553 2406 2219 2537 2325 2428 2583 2435 2132 2325 2654 2151 2283 2392 2465 2486 2488 2502 2580 2209 2428 2475 2126 2417 2403 2464 2269 2328 2603 2333 2178 2640 2582 2854 2640 2076 2517 2333 2223 2404 2239 2260 2365 2408 2385 2456 2479 2298 2654 2536 2395 2546 2485 2316 2289 2476 2519 2545 2752 2204 2379 2686 2341 2550 2359 2450 2469 2719 2638 2165 2620 2361 2420 2240 2274 2342 2292 2548 2289 2603 2198 2299 2482 2387 2379 2462 2438 2374 2324 2503 2473 2484 2256 2489 2125 2609 2217 2164
2690 2718 2504 2650 2761 2721 2386 3051 2630 2543 2581 2710 2395 2356 2630 2560 2683 2682 2810 2542 2917 2447 2699 2638 2458 2656 2763 2556 3004 2486 2256 2520 2701 2308 2772 2558 2652 2679 2717 2618 2712 2496 2476 2587 2630 2735 2748 2873 2735 2638 2808 2464 2703 2958 2617 3015 2709 2226 2472 2539 2512 2696 2405 2558 2648 2506 2545 2597 2533 2607 3007 2621 2839 2498 2617 2529 2474 2660 2587 2921 2807 2604 2551 2901 2313 2633 2527 2351 2943 2765 2887 2560 2761 2504 2390 2513 2397 2541 2510 2706 2500 2998 2519 2664 2671 2568 2606 2622 2714 2692 2688 2831 2803 2514 2496 2634 2389 2838 2501 2503
2498 2398 2633 2672 2621 2605 2299 2907 2521 2349 2501 2789 2218 2110 2459 2538 2522 2343 2534 2344 2508 2425 2573 2508 2054 2315 2673 2371 2804 2614 2091 2508 2343 2273 2476 2497 2703 2457 2518 2441 2503 2168 2381 2519 2375 2295 2547 2627 2451 2440 2737 2234 2552 2829 2727 2648 2687 2200 2549 2472 2476 2527 2083 2399 2530 2557 2298 2320 2537 2296 2592 2510 2599 2334 2479 2420 2365 2564 2453 2797 2704 2325 2520 2612 2291 2560 2402 2423 2458 2595 2492 2704 2820 2529 2337 2381 2434 2346 2426 2491 2462 2800 2352 2256 2453 2401 2248 2556 2360 2502 2524 2627 2574 2525 2422 2391 2038 2615 2451 2227
2572 2417 2488 2523 2449 2472 2249 2737 2278 2286 2245 2694 2143 2165 2431 2282 2519 2175 2420 2149 2534 2377 2495 2373 2107 2243 2545 2330 2562 2417 2016 2475 2362 2248 2439 2318 2473 2333 2426 2504 2455 2064 2521 2449 2394 2332 2308 2617 2510 2225 2596 2212 2454 2677 2437 2618 2622 2147 2380 2382 2439 2460 2268 2391 2384 2392 2173 2381 2413 2345 2532 2413 2589 2255 2546 2394 2286 2378 2480 2685 2647 2306 2484 2482 2197 2305 2436 2205 2383 2587 2584 2446 2703 2482 2237 2334 2327 2358 2301 2486 2376 2530 2160 2275 2487 2542 2223 2492 2419 2370 2440 2658 2525 2390 2478 2604 2088 2513 2362 2183
2635 2383 2525 2576 2787 2612 2379 2851 2465 2410 2562 2878 2444 2170 2370 2357 2676 2612 2526 2268 2573 2538 2361 2556 1997 2484 2537 2506 2823 2470 2353 2548 2680 2260 2522 2324 2514 2410 2532 2516 2686 2418 2413 2702 2179 2448 2357 2391 2347 2489 2655 2280 2497 2787 2627 2760 2696 2072 2478 2445 2332 2650 2322 2379 2463 2423 2447 2361 2594 2461 2642 2541 2600 2465 2455 2258 2334 2515 2563 2689 2666 2554 2397 2502 2426 2521 2439 2347 2652 2529 2715 2316 2745 2445 2315 2410 2520 2426 2250 2587 2343 2853 2383 2334 2419 2508 2173 2406 2426 2399 2541 2664 2695 2498 2405 2572 2331 2676 2464 2255
2612 2611 2490 2663 2766 2574 2368 2866 2357 2427 2397 2743 2424 2259 2512 2435 2640 2499 2755 2428 2603 2467 2536 2740 2139 2542 2598 2405 2926 2525 2247 2540 2708 2241 2547 2405 2792 2551 2602 2699 2742 2469 2496 2473 2273 2325 2422 2577 2434 2521 2731 2395 2552 2844 2774 2890 2727 2172 2546 2416 2498 2735 2182 2282 2355 2398 2444 2574 2598 2523 2735 2510 2463 2629 2577 2391 2443 2489 2715 2823 2709 2456 2358 2724 2231 2539 2387 2264 2494 2709 2760 2450 2731 2372 2526 2544 2546 2448 2340 2639 2416 2567 2468 2370 2427 2553 2426 2587 2394 2483 2607 2678 2722 2487 2692 2468 2192 2737 2353 2225
2290 2394 2400 2423 2533 2435 2313 2657 2326 2171 2313 2754 2282 2342 2463 2398 2504 2368 2351 2078 2578 2303 2264 2415 2008 2303 2328 2308 2486 2315 2054 2389 2559 1985 2450 2333 2419 2252 2466 2301 2444 2372 2340 2306 2235 2361 2256 2359 2331 2371 2440 2073 2394 2756 2559 2831 2648 2031 2415 2106 2310 2517 2001 2399 2272 2226 2262 2352 2399 2350 2523 2468 2475 2163 2386 2077 2328 2378 2394 2482 2470 2343 2311 2201 2330 2548 2250 2339 2546 2519 2594 2440 2610 2431 2208 2288 2399 2131 2299 2389 2319 2668 2235 2138 2455 2341 2246 2338 2229 2251 2354 2477 2460 2314 2414 2294 2121 2639 2337 2167
2654 2638 2571 2458 2671 2614 2460 2847 2337 2410 2696 2735 2334 2268 2568 2457 2771 2480 2595 2373 2640 2512 2540 2618 2308 2622 2648 2447 2815 2792 2122 2567 2576 2397 2488 2387 2825 2439 2629 2550 2585 2380 2515 2567 2329 2465 2400 2606 2421 2486 2789 2204 2467 2864 2587 2899 2681 2166 2552 2556 2442 2702 2263 2518 2543 2482 2356 2397 2501 2435 2654 2531 2577 2282 2670 2607 2603 2488 2649 2835 2735 2392 2565 2698 2393 2615 2580 2418 2706 2704 2566 2509 3013 2413 2503 2553 2504 2383 2381 2722 2439 2688 2366 2239 2464 2360 2378 2564 2505 2542 2690 2713 2776 2778 2543 2450 2230 2621 2523 2365
2489 2350 2530 2506 2491 2531 2340 2853 2306 2386 2451 2514 2216 2157 2500 2310 2617 2318 2489 2164 2549 2323 2386 2428 2109 2426 2578 2309 2722 2354 1968 2326 2393 2120 2489 2408 2503 2286 2319 2480 2442 2246 2293 2347 2166 2354 2459 2633 2523 2342 2618 2224 2563 2713 2638 2649 2587 2189 2390 2317 2432 2449 1985 2514 2304 2231 2482 2269 2433 2482 2569 2477 2444 2181 2445 2252 2395 2501 2458 2536 2640 2198 2305 2524 2418 2483 2214 2333 2325 2383 2512 2406 2501 2223 2444 2438 2488 2345 2318 2531 2450 2515 2176 2345 2497 2453 2257 2267 2446 2384 2433 2532 2594 2393 2545 2429 2121 2535 2379 2355
2302 2363 2227 2482 2511 2331 2123 2736 2136 2327 2250 2682 2319 2189 2386 2249 2428 2299 2272 2311 2342 2311 2282 2539 1957 2298 2408 2218 2655 2380 2078 2293 2582 2215 2352 2371 2459 2258 2516 2276 2444 2164 2331 2442 2119 2251 2392 2512 2095 2312 2461 2100 2194 2666 2556 2637 2603 1969 2376 2081 2421 2518 2195 2181 2116 2182 2287 2191 2382 2275 2399 2400 2561 2273 2417 2171 2261 2167 2292 2555 2582 2346 2225 2442 2080 2414 2309 2121 2472 2604 2409 2317 2504 2142 2445 2212 2480 2274 2120 2451 2108 2636 2172 2326 2317 2314 2102 2372 2463 2403 2484 2458 2535 2377 2237 2245 2093 2357 2105 2180
2493 2449 2586 2559 2644 2505 2401 2784 2413 2327 2439 2758 2342 2434 2560 2312 2782 2383 2648 2190 2506 2405 2486 2518 2157 2495 2577 2421 2787 2540 2173 2519 2748 2306 2644 2459 2508 2455 2464 2662 2606 2250 2495 2517 2314 2403 2480 2715 2419 2412 2718 2152 2461 2734 2693 2561 2662 2090 2545 2395 2481 2693 2225 2465 2368 2392 2393 2314 2546 2562 2614 2465 2656 2348 2567 2405 2350 2306 2569 2710 2507 2266 2411 2509 2487 2443 2483 2280 2482 2664 2676 2364 2842 2415 2447 2470 2440 2440 2281 2561 2377 2720 2465 2378 2583 2495 2319 2562 2493 2602 2678 2770 2733 2583 2347 2664 2230 2690 2346 2291
2426 2243 2212 2394 2409 2505 2408 2762 2196 2316 2332 2407 2235 2226 2298 2228 2476 2372 2352 2136 2410 2250 2314 2343 1973 2381 2496 2109 2596 2257 2077 2319 2460 2054 2420 2348 2334 2328 2480 2379 2450 2234 2267 2142 1972 2368 2429 2550 2316 2407 2501 2114 2500 2582 2504 2737 2506 1972 2358 2337 2359 2399 2143 2228 2265 2078 2384 2234 2401 2361 2559 2343 2382 2264 2489 2299 2325 2498 2413 2608 2511 2265 2378 2477 2243 2486 2270 2248 2629 2421 2558 2285 2684 2194 2402 2367 2181 2272 2157 2544 2208 2639 2210 2252 2326 2389 2254 2310 2226 2273 2371 2566 2549 2364 2358 2345 2056 2517 2141 2279
2350 2120 2161 2365 2338 2328 2232 2635 2177 2169 2290 2617 2037 2161 2256 2216 2523 2375 2309 2078 2320 2168 2293 2304 2010 2387 2358 2146 2478 2109 2051 2325 2325 2207 2285 2281 2507 2290 2329 2256 2472 2019 2263 2314 2190 2205 2158 2404 2149 2081 2406 2231 2377 2498 2480 2727 2447 1909 2383 2414 2273 2483 1897 2258 2214 2340 2204 2267 2269 2059 2648 2212 2301 2344 2377 2146 2097 2199 2270 2448 2546 2199 2224 2393 2127 2361 2380 2097 2383 2503 2468 2072 2519 2368 2221 2272 2350 2220 2168 2460 2200 2339 2162 2276 2188 2292 2163 2439 2111 2282 2320 2493 2328 2338 2268 2132 2004 2352 2088 2222
2570 2320 2351 2563 2408 2532 2304 2877 2222 2271 2320 2420 2257 2067 2400 2338 2517 2314 2414 2223 2332 2288 2452 2340 2107 2176 2524 2250 2552 2389 2074 2478 2514 2193 2299 2280 2586 2394 2418 2547 2617 2244 2312 2402 2193 2289 2235 2550 2256 2237 2571 2239 2309 2821 2480 2679 2628 2233 2464 2284 2200 2503 2221 2247 2267 2221 2180 2388 2487 2430 2483 2313 2363 2315 2446 2335 2249 2528 2443 2495 2670 2312 2444 2641 2099 2465 2473 2164 2456 2564 2508 2268 2565 2354 2256 2346 2321 2249 2298 2533 2155 2576 2091 2316 2308 2252 2241 2380 2323 2329 2351 2570 2420 2328 2248 2421 2021 2656 2181 2263
2487 2494 2236 2541 2550 2367 2328 2962 2261 2466 2362 2576 2313 2334 2565 2393 2519 2390 2576 2278 2657 2279 2409 2362 2135 2572 2530 2283 2896 2404 2113 2563 2667 2229 2362 2184 2515 2333 2397 2499 2540 2323 2452 2665 2065 2295 2407 2524 2400 2422 2632 2123 2404 2701 2340 2724 2577 2098 2393 2538 2583 2384 2133 2449 2428 2094 2314 2547 2315 2423 2763 2346 2425 2465 2427 2349 2381 2440 2472 2773 2475 2231 2380 2460 2129 2321 2381 2176 2769 2667 2684 2331 2687 2246 2468 2273 2463 2185 2263 2644 2389 2706 2300 2362 2474 2427 2458 2518 2270 2540 2589 2285 2560 2672 2644 2352 2212 2685 2298 1991
2353 2242 2085 2281 2149 2206 2220 2466 2085 2127 2113 2407 2048 2014 2206 2080 2210 2020 2236 2027 2325 2116 2184 2114 1890 2087 2182 2128 2327 2156 1833 2129 2490 1976 2185 1913 2362 2170 2404 2245 2209 1867 2221 2090 2053 2203 2313 2442 2138 2166 2374 2057 2238 2508 2301 2449 2341 1858 2140 2086 2293 2131 1912 2159 2146 1947 2115 2151 2328 2202 2380 2135 2349 2096 2289 2156 2209 2234 2209 2287 2293 2202 2281 2282 2080 2107 2017 1940 2358 2224 2426 2062 2345 2051 2130 2125 2199 1795 2026 2403 2086 2325 2010 2041 2237 2153 2075 2231 2178 2072 2094 2280 2348 2202 2156 2203 1887 2441 2085 2023
2717 2469 2536 2693 2692 2775 2415 2915 2370 2507 2556 2779 2365 2430 2481 2506 2659 2536 2624 2354 2792 2449 2708 2510 2335 2761 2574 2541 3070 2646 2226 2480 2855 2458 2642 2608 2734 2525 2715 2555 2690 2457 2372 2526 2220 2648 2585 2698 2553 2583 2746 2361 2706 2917 2561 2895 2670 2159 2452 2537 2472 2643 2417 2497 2557 2447 2555 2330 2604 2471 2938 2529 2585 2563 2603 2533 2527 2698 2659 2832 2833 2602 2627 2745 2398 2781 2621 2396 2724 2756 2730 2619 2776 2364 2482 2802 2605 2665 2374 2765 2497 2826 2378 2365 2621 2459 2644 2589 2572 2605 2616 2710 2898 2757 2712 2487 2253 2780 2435 2373
2451 2404 2428 2554 2504 2343 2348 2626 2321 2282 2372 2624 2050 2121 2280 2215 2470 2437 2576 2159 2564 2258 2300 2235 2047 2291 2337 2138 2475 2248 2130 2374 2566 2115 2290 2341 2312 2313 2323 2413 2475 2280 2295 2424 2070 2354 2278 2427 2399 2413 2440 2129 2390 2590 2373 2665 2555 1975 2439 2242 2333 2279 1984 2278 2311 2383 2401 2380 2419 2529 2625 2268 2397 2099 2495 2325 2344 2257 2684 2405 2360 2324 2440 2441 2277 2398 2362 2285 2551 2554 2617 2264 2553 2439 2109 2321 2395 2273 2132 2317 2301 2481 2326 2314 2504 2185 2271 2485 2378 2328 2364 2581 2659 2399 2303 2371 2100 2453 2237 2179
2211 2139 2149 2303 2244 2300 2045 2585 2193 2101 2281 2497 2141 2140 2105 2275 2241 2225 2218 2048 2438 2060 2277 2068 1950 2301 2329 2116 2351 2224 1854 2267 2342 2062 2215 2135 2355 2009 2349 2129 2294 2059 2152 2348 1931 2279 2139 2362 2331 2130 2353 2130 2329 2471 2158 2582 2335 1774 2224 2176 2111 2474 1985 2221 2220 2138 2202 2008 2146 2074 2566 2231 2261 2230 2185 2250 2262 2288 2165 2496 2415 2265 2105 2254 2048 2459 2347 2058 2382 2337 2259 2083 2374 2231 2281 2320 2265 2167 2088 2324 2287 2359 1914 2147 2132 2172 2209 2335 2188 2159 2267 2318 2446 2136 2233 2045 1968 2338 2214 2138
2247 2425 2383 2572 2513 2329 2296 2747 2243 2268 2352 2583 2198 2012 2452 2317 2406 2328 2406 2328 2552 2153 2421 2322 2080 2353 2532 2191 2630 2346 1953 2343 2493 2183 2370 2209 2439 2208 2292 2418 2427 2232 2321 2304 2119 2108 2402 2592 2283 2310 2680 2141 2388 2654 2411 2628 2577 2057 2362 2421 2334 2521 2092 2351 2275 2238 2293 2173 2335 2329 2578 2350 2403 2193 2397 2276 2465 2431 2508 2515 2581 2083 2413 2607 2260 2421 2341 2221 2540 2380 2368 2358 2544 2299 2226 2308 2423 2215 2286 2415 2311 2644 2171 2204 2306 2358 2296 2275 2344 2308 2510 2415 2561 2327 2403 2230 2053 2434 2054 2123
2637 2361 2407 2592 2608 2533 2348 2904 2339 2331 2464 2814 2369 2347 2492 2562 2685 2353 2459 2191 2660 2357 2579 2455 2271 2481 2493 2466 2586 2541 2056 2581 2703 2150 2537 2557 2580 2507 2544 2745 2760 2350 2464 2547 2254 2391 2546 2501 2359 2303 2665 2182 2533 2835 2707 2953 2710 2223 2568 2503 2452 2613 2304 2685 2434 2285 2338 2384 2776 2550 2613 2384 2503 2479 2668 2373 2335 2643 2619 2962 2733 2220 2532 2560 2426 2554 2377 2251 2732 2769 2738 2542 2747 2464 2413 2633 2689 2308 2490 2657 2562 2476 2363 2447 2494 2578 2357 2612 2327 2501 2497 2555 2653 2533 2569 2591 2193 2660 2288 2253
2162 2283 2094 2352 2316 2264 2274 2487 2006 2075 2015 2339 1932 1846 2304 2048 2270 2111 2324 2042 2100 2130 2295 1969 1907 2175 2266 2134 2417 2111 1980 2193 2306 1982 2211 2054 2259 2181 2081 2229 2325 2140 2088 2081 2014 1986 2171 2298 2087 2150 2307 2006 2303 2417 2234 2409 2357 1924 2091 2102 2115 2341 1989 2102 2278 1915 2156 2197 2312 2079 2425 2171 2163 1959 2173 2232 2237 2201 2348 2338 2226 2127 2125 2296 1966 2178 2074 2129 2261 2336 2351 2079 2276 2097 2020 2196 2163 2193 1920 2230 2158 2345 2093 2022 2169 2206 2122 2087 2083 2126 2269 2348 2396 2257 2198 2114 1912 2320 2092 2008
2581 2611 2507 2681 2724 2455 2380 2921 2420 2372 2434 2786 2190 2248 2385 2407 2653 2561 2678 2269 2547 2487 2663 2373 2095 2369 2695 2483 2882 2491 2175 2469 2475 2260 2493 2376 2552 2326 2592 2439 2416 2261 2452 2668 2232 2347 2305 2674 2523 2459 2757 2367 2586 2737 2558 2791 2668 2036 2376 2534 2509 2564 2363 2512 2464 2364 2371 2419 2352 2440 2595 2348 2604 2409 2471 2284 2306 2415 2629 2754 2678 2409 2495 2568 2257 2437 2296 2232 2618 2644 2723 2432 2764 2519 2306 2487 2488 2330 2241 2608 2394 2692 2383 2259 2515 2357 2310 2498 2467 2435 2661 2586 2626 2460 2375 2466 2392 2654 2405 2222
2286 2436 2332 2486 2541 2349 2289 2685 2284 2278 2299 2538 2134 2121 2404 2305 2624 2369 2468 2081 2665 2337 2454 2342 2353 2320 2451 2347 2546 2283 1870 2248 2554 2134 2347 2423 2404 2283 2408 2432 2476 1985 2395 2488 2191 2246 2324 2431 2255 2111 2384 2151 2267 2684 2624 2728 2497 1985 2382 2262 2496 2407 2053 2300 2169 2324 2498 2296 2386 2362 2551 2353 2441 2335 2469 2211 2232 2434 2408 2459 2547 2108 2390 2421 2262 2465 2197 1982 2392 2568 2564 2450 2714 2419 2295 2305 2493 2197 2160 2449 2292 2352 2299 2218 2213 2459 2283 2383 2365 2417 2255 2420 2437 2548 2293 2315 2070 2568 2151 2244
2575 2578 2339 2614 2695 2569 2371 2876 2314 2453 2554 2624 2477 2196 2489 2442 2672 2371 2485 2308 2598 2326 2399 2548 2122 2416 2478 2330 2703 2606 2138 2391 2435 2171 2675 2394 2353 2408 2383 2583 2383 2328 2507 2467 2227 2435 2244 2653 2467 2342 2610 2308 2537 2773 2538 2814 2688 2300 2479 2416 2464 2649 2215 2397 2372 2196 2297 2567 2464 2541 2625 2311 2669 2288 2689 2456 2581 2593 2404 2781 2504 2380 2487 2550 2142 2344 2273 2337 2607 2722 2553 2416 2793 2346 2275 2391 2306 2221 2218 2446 2438 2666 2314 2156 2377 2401 2359 2322 2510 2478 2630 2601 2599 2596 2601 2500 2204 2699 2504 2351
2438 2472 2334 2471 2600 2462 2241 2722 2213 2343 2282 2515 2211 2088 2326 2443 2327 2271 2461 2079 2394 2264 2500 2408 2045 2416 2208 2327 2612 2476 2133 2431 2407 2025 2554 2348 2419 2376 2232 2504 2528 2375 2291 2317 2277 2351 2314 2534 2313 2441 2622 2300 2285 2744 2569 2568 2596 2089 2227 2227 2150 2542 2101 2344 2177 2439 2267 2316 2371 2312 2543 2330 2452 2265 2451 2418 2336 2468 2406 2626 2479 2174 2437 2518 2105 2182 2379 2181 2419 2740 2371 2179 2506 2345 2066 2480 2359 2190 2259 2403 2220 2646 2291 2333 2334 2338 2305 2415 2479 2432 2385 2563 2542 2302 2336 2343 2147 2546 2201 2034
2240 2256 2320 2406 2384 2303 2127 2553 2037 2146 2180 2636 2239 2087 2350 2262 2353 2375 2363 2081 2508 2424 2409 2389 1844 2234 2445 2077 2537 2202 2097 2253 2347 1993 2303 2206 2369 2232 2333 2323 2518 1891 2291 2289 2198 2227 2276 2375 2104 2135 2565 2072 2296 2540 2594 2639 2371 1952 2103 2167 2332 2496 2099 2160 2115 2098 2201 2052 2331 2152 2467 2203 2376 2396 2268 2281 2395 2112 2339 2465 2444 2111 2244 2359 2106 2169 2380 2087 2159 2488 2404 2076 2364 2201 2274 2286 2292 2294 2154 2434 2109 2276 2201 2172 2084 2357 1955 2394 2237 2103 2316 2442 2562 2247 2275 2150 2045 2424 2214 2003
2570 2446 2314 2499 2578 2545 2275 2774 2329 2350 2323 2639 2192 2171 2405 2411 2446 2528 2491 2234 2373 2282 2471 2290 2089 2423 2461 2311 2616 2422 2067 2398 2577 2270 2542 2584 2497 2405 2329 2355 2609 2293 2427 2375 2215 2500 2441 2626 2354 2410 2704 2253 2546 2552 2672 2617 2618 2032 2631 2248 2205 2487 2321 2271 2417 2327 2389 2206 2415 2358 2468 2391 2461 2141 2428 2427 2251 2563 2389 2644 2607 2403 2414 2670 2223 2473 2487 2247 2380 2456 2515 2357 2564 2275 2350 2393 2383 2449 2329 2436 2375 2630 2358 2423 2347 2458 2291 2320 2449 2430 2396 2607 2529 2243 2361 2517 2225 2597 2303 2476
2266 2347 2307 2506 2512 2552 2227 2746 2272 2338 2406 2611 2327 2190 2137 2340 2504 2284 2475 2130 2622 2349 2506 2483 2062 2240 2592 2192 2660 2548 2160 2203 2354 2191 2625 2221 2431 2530 2324 2491 2530 2135 2219 2421 2330 2430 2510 2571 2404 2288 2693 2195 2450 2789 2386 2726 2380 2153 2177 2466 2211 2428 2188 2222 2216 2251 2274 2191 2239 2403 2556 2337 2596 2335 2415 2319 2325 2310 2437 2632 2532 2119 2396 2509 2208 2381 2416 2039 2335 2478 2451 2330 2574 2410 2217 2321 2340 2201 2279 2492 2327 2412 2229 2085 2433 2347 2273 2446 2405 2311 2478 2424 2668 2367 2308 2276 2117 2541 2307 2081
2453 2326 2232 2465 2365 2509 2155 2772 2184 2238 2364 2525 2386 2104 2511 2189 2517 2314 2359 2133 2417 2131 2329 2340 1877 2339 2407 2256 2575 2542 1939 2265 2419 2067 2416 2271 2293 2224 2216 2378 2365 2186 2311 2374 2244 2344 2374 2599 2250 2259 2454 2137 2217 2618 2320 2567 2391 2160 2260 2317 2116 2472 2127 2202 2236 2218 2248 2156 2381 2258 2584 2381 2385 2250 2562 2296 2198 2402 2227 2425 2484 2175 2270 2565 1988 2200 2321 2194 2385 2415 2447 2270 2554 2162 2256 2295 2276 2297 2198 2330 2252 2577 2159 2312 2347 2434 2233 2261 2395 2302 2365 2497 2460 2420 2288 2376 1979 2406 2090 2144
2508 2530 2539 2495 2582 2527 2299 2624 2395 2322 2408 2645 2286 2203 2567 2417 2714 2515 2671 2330 2678 2390 2436 2607 2283 2365 2538 2254 2583 2442 2031 2455 2442 2179 2525 2341 2438 2202 2486 2314 2592 2014 2503 2527 2368 2328 2339 2540 2498 2357 2702 2332 2390 2694 2731 2803 2662 2152 2466 2550 2405 2625 2269 2456 2406 2297 2479 2483 2322 2480 2646 2461 2528 2301 2584 2261 2430 2313 2527 2511 2590 2367 2412 2590 2193 2462 2559 2297 2647 2670 2736 2333 2646 2478 2327 2432 2441 2592 2451 2766 2422 2559 2365 2350 2313 2420 2307 2550 2397 2536 2522 2671 2652 2514 2443 2631 2244 2735 2353 2241
2548 2567 2658 2566 2780 2845 2523 2967 2426 2459 2502 2757 2506 2459 2668 2600 2691 2530 2688 2450 2764 2668 2612 2631 2336 2490 2676 2391 2909 2569 2252 2631 2728 2248 2803 2626 2652 2615 2740 2596 2717 2283 2484 2586 2285 2597 2499 2752 2540 2523 2726 2364 2643 2995 2714 2999 2777 2122 2563 2409 2652 2692 2380 2596 2509 2400 2585 2493 2697 2578 3005 2580 2708 2455 2675 2445 2591 2667 2691 2732 2708 2597 2682 2692 2440 2544 2556 2508 2696 2759 2813 2685 2852 2702 2457 2570 2499 2530 2404 2652 2403 2925 2489 2478 2523 2552 2603 2585 2625 2544 2490 2819 2974 2621 2612 2584 2354 2964 2368 2451
2671 2476 2577 2569 2524 2536 2254 2882 2316 2397 2584 2671 2282 2224 2521 2493 2622 2610 2601 2284 2550 2328 2561 2605 2238 2516 2475 2358 2769 2590 2187 2447 2582 2162 2558 2479 2734 2355 2521 2634 2692 2370 2354 2646 2354 2565 2597 2624 2472 2501 2787 2229 2637 2718 2774 2763 2628 2297 2591 2418 2425 2586 2360 2475 2398 2275 2312 2282 2556 2598 2635 2455 2484 2509 2749 2595 2451 2428 2596 2798 2769 2393 2445 2685 2360 2701 2696 2264 2589 2457 2717 2277 2807 2409 2448 2627 2508 2562 2358 2679 2537 2499 2299 2613 2430 2447 2309 2677 2410 2487 2534 2839 2709 2558 2348 2594 2381 2725 2298 2337
2564 2584 2485 2722 2740 2459 2534 2926 2686 2484 2757 2715 2180 2335 2476 2559 2625 2521 2513 2246 2848 2569 2599 2526 2179 2563 2558 2453 2893 2469 2226 2604 2467 2367 2422 2354 2577 2483 2521 2616 2422 2364 2543 2518 2347 2556 2653 2514 2575 2554 2806 2259 2421 2832 2817 2824 2745 2188 2474 2682 2535 2491 2146 2465 2408 2496 2406 2424 2607 2491 2665 2485 2726 2362 2721 2497 2497 2676 2643 2833 2606 2515 2509 2651 2463 2576 2354 2254 2582 2711 2593 2473 2901 2468 2324 2413 2659 2190 2450 2664 2365 2836 2645 2353 2566 2598 2429 2707 2498 2546 2557 2516 2680 2480 2478 2675 2323 2862 2579 2297
2300 2329 2291 2466 2499 2159 2230 2651 2079 2167 2221 2358 2136 2039 2228 2336 2265 2257 2364 2133 2333 2275 2242 2119 2149 2118 2356 2169 2556 2177 1861 2360 2360 1843 2226 2054 2531 2225 2307 2406 2551 2202 2303 2338 2045 2289 2311 2421 2289 2290 2491 2093 2301 2653 2671 2854 2457 2133 2276 2251 2101 2413 1892 2346 2221 2243 2367 2335 2446 2350 2515 2385 2283 2256 2382 2302 2272 2436 2411 2493 2431 2288 2466 2454 2053 2257 2252 2074 2329 2454 2617 2226 2377 2325 2258 2247 2266 2317 2202 2395 2312 2489 2116 2208 2307 2233 2391 2251 2145 2091 2086 2370 2333 2258 2477 2274 2071 2408 2363 2154
2660 2618 2387 2706 2843 2671 2506 3074 2484 2419 2582 2846 2353 2323 2687 2352 2727 2550 2711 2228 2702 2675 2700 2662 2156 2556 2706 2629 2877 2676 2227 2452 2809 2371 2759 2539 2534 2649 2620 2499 2520 2298 2335 2646 2435 2486 2557 2734 2512 2511 2570 2187 2672 2855 2582 2833 2816 2275 2561 2438 2520 2638 2278 2577 2603 2328 2505 2399 2460 2638 2832 2653 2671 2490 2718 2371 2482 2679 2586 2742 2632 2589 2687 2604 2470 2543 2395 2363 2643 2805 2809 2674 2787 2628 2634 2701 2581 2281 2485 2850 2521 2634 2526 2405 2694 2660 2416 2685 2634 2642 2668 2668 2812 2711 2574 2573 2309 2921 2520 2317
2426 2408 2578 2547 2686 2695 2384 2784 2444 2326 2498 2735 2457 2294 2527 2580 2681 2492 2672 2190 2734 2666 2756 2512 2242 2426 2756 2369 2688 2447 2087 2460 2561 2221 2603 2494 2612 2610 2693 2505 2719 2401 2474 2550 2285 2290 2382 2577 2554 2407 2661 2318 2704 2880 2718 2858 2615 2247 2586 2406 2502 2734 2093 2589 2557 2349 2501 2426 2586 2447 2737 2518 2585 2214 2482 2369 2461 2601 2609 2716 2569 2397 2481 2521 2549 2547 2464 2363 2556 2690 2589 2539 2805 2686 2246 2573 2433 2632 2584 2668 2410 2697 2322 2226 2400 2405 2372 2574 2340 2539 2448 2614 2788 2432 2414 2413 2060 2736 2417 2477
2527 2460 2281 2343 2423 2296 2150 2529 2090 2243 2228 2382 2064 2008 2391 2250 2389 2406 2421 2092 2416 2337 2260 2423 2050 2376 2236 2192 2506 2378 1886 2297 2502 2192 2357 2131 2506 2365 2337 2206 2401 2276 2329 2348 2075 2119 2302 2181 2277 2109 2371 2188 2210 2549 2416 2557 2375 2094 2352 2138 2309 2429 1939 2285 2008 2101 2152 2287 2383 2266 2513 2328 2417 2148 2495 2327 2382 2395 2224 2458 2319 2173 2195 2369 2147 2261 2248 2211 2297 2427 2426 2100 2544 2131 2205 2414 2388 2256 2183 2528 2165 2496 2290 2268 2326 2255 2223 2200 2196 2119 2446 2453 2401 2414 2300 2204 2020 2428 2282 1985
2702 2693 2588 2874 2917 2631 2482 3141 2811 2723 2792 3039 2459 2435 2796 2582 2774 2611 2765 2559 2800 2691 2789 2674 2339 2617 2689 2593 3154 2627 2332 2696 2846 2505 2775 2729 2644 2525 2687 2737 2822 2308 2695 2773 2469 2705 2680 2874 2743 2718 2880 2287 2844 3107 2895 3062 3039 2318 2570 2679 2675 2720 2538 2830 2679 2497 2574 2576 2723 2643 2869 2734 2854 2644 2842 2539 2665 2738 2650 3079 2956 2529 2602 2807 2559 2610 2606 2462 2662 2949 2979 2579 2909 2724 2574 2455 2613 2485 2552 2677 2674 2989 2431 2647 2540 2650 2617 2794 2739 2899 2845 2895 2903 2752 2688 2751 2389 3058 2504 2559
2588 2533 2415 2755 2638 2419 2401 2813 2666 2435 2595 2608 2219 2301 2611 2395 2653 2583 2828 2319 2690 2530 2699 2600 2169 2510 2751 2499 2971 2437 2259 2697 2458 2193 2478 2307 2530 2359 2442 2519 2494 2342 2405 2449 2236 2423 2555 2676 2424 2537 2746 2256 2593 2743 2588 2690 2813 2150 2398 2796 2558 2568 2296 2623 2529 2307 2292 2503 2478 2534 2684 2410 2668 2353 2674 2558 2433 2482 2658 2830 2605 2417 2453 2629 2372 2558 2390 2221 2647 2746 2738 2442 2847 2501 2441 2374 2490 2336 2325 2763 2515 2758 2468 2429 2626 2370 2400 2584 2545 2708 2655 2630 2663 2488 2519 2645 2230 2815 2357 2128
2641 2533 2438 2407 2492 2539 2346 2839 2422 2317 2630 2721 2202 2214 2559 2424 2632 2455 2503 2179 2549 2475 2581 2541 1989 2516 2515 2316 2727 2502 2159 2488 2655 2164 2645 2597 2576 2609 2560 2338 2504 2361 2374 2653 2323 2481 2475 2705 2392 2367 2760 2077 2483 2739 2575 2629 2663 2201 2640 2287 2561 2642 2288 2432 2462 2286 2286 2330 2598 2569 2534 2495 2426 2145 2528 2395 2422 2493 2608 2784 2440 2316 2600 2549 2405 2429 2455 2376 2562 2523 2532 2534 2702 2497 2494 2548 2575 2240 2227 2514 2391 2560 2369 2294 2652 2524 2379 2475 2360 2468 2495 2698 2629 2420 2395 2485 2084 2608 2372 2253
2663 2492 2683 2594 2738 2649 2300 2878 2453 2494 2496 2685 2553 2431 2523 2442 2713 2410 2504 2292 2608 2556 2446 2424 2127 2416 2532 2247 2662 2538 2100 2484 2631 2065 2455 2415 2587 2509 2578 2543 2505 2470 2518 2571 2222 2426 2400 2674 2471 2410 2761 2318 2497 2878 2792 2746 2566 2355 2486 2381 2409 2543 2256 2525 2249 2270 2360 2391 2510 2296 2677 2570 2652 2394 2591 2322 2473 2640 2485 2709 2597 2539 2527 2532 2331 2546 2373 2516 2466 2705 2687 2250 2738 2324 2435 2479 2307 2496 2493 2634 2409 2742 2168 2336 2394 2571 2202 2316 2426 2481 2465 2699 2740 2634 2394 2568 2246 2617 2246 2322
2550 2573 2708 2885 2830 2753 2443 3092 2646 2580 2856 2885 2545 2347 2727 2584 2842 2532 2854 2432 2592 2650 2690 2657 2494 2738 2688 2739 3036 2700 2321 2560 2822 2392 2805 2605 2655 2511 2636 2655 2677 2495 2489 2640 2381 2610 2669 2753 2692 2748 2857 2410 2740 3003 2706 2883 2806 2346 2541 2585 2703 2804 2163 2679 2630 2584 2590 2509 2679 2754 3011 2642 2727 2594 2848 2581 2560 2732 2824 2837 2778 2370 2715 2922 2476 2707 2748 2465 2736 2792 2691 2485 2838 2667 2697 2776 2730 2627 2467 2744 2780 3017 2478 2550 2689 2593 2623 2687 2683 2609 2725 2926 3021 2724 2703 2648 2272 3023 2534 2530
2283 2110 2140 2159 2395 2241 2051 2493 2245 2196 2317 2515 1985 2000 2280 2257 2327 2196 2264 1919 2305 2238 2320 2305 1895 2365 2368 2072 2403 2066 1877 2178 2292 2000 2282 2216 2168 2196 2417 2098 2304 1979 1968 2224 2205 2108 2142 2425 2064 2083 2372 2004 2322 2294 2347 2417 2392 1780 2269 2198 2133 2210 2141 2177 2218 2109 2170 1983 2266 2133 2463 2236 2187 2118 2409 1963 2225 2212 2253 2344 2401 2135 2205 2314 2169 2182 2231 2182 2383 2380 2367 1989 2457 2186 2158 2242 2183 2037 2129 2487 1993 2375 2106 2010 2261 2378 2016 2303 2170 2081 2292 2277 2273 2090 2087 2297 1974 2474 2053 2028
2208 2209 2399 2606 2612 2238 2246 2636 2349 2267 2317 2569 2298 2023 2390 2430 2329 2325 2434 2248 2501 2407 2450 2513 2132 2462 2418 2012 2635 2270 2124 2449 2276 2199 2445 2271 2310 2442 2262 2267 2460 2188 2326 2502 2049 2208 2372 2453 2327 2187 2610 2341 2269 2672 2459 2586 2532 2112 2374 2193 2188 2554 2022 2222 2417 2355 2371 2268 2355 2274 2686 2414 2413 2277 2511 2219 2377 2431 2499 2673 2444 2295 2383 2533 2120 2439 2402 2245 2466 2653 2182 2338 2499 2326 2306 2395 2298 2295 2147 2418 2377 2619 2398 2354 2287 2258 2211 2282 2194 2404 2350 2502 2599 2268 2442 2491 2157 2584 2164 2182
2463 2332 2354 2543 2578 2278 2217 2671 2202 2198 2220 2638 2163 2322 2333 2250 2620 2372 2544 2114 2738 2219 2246 2266 2139 2485 2468 2115 2455 2214 2072 2495 2499 2146 2448 2331 2288 2225 2487 2280 2377 2131 2276 2376 2054 2356 2219 2428 2359 2227 2518 2054 2416 2531 2495 2713 2584 2045 2412 2308 2399 2422 2104 2363 2266 2074 2370 2291 2225 2430 2576 2248 2397 2265 2568 2108 2201 2346 2532 2465 2357 2154 2406 2400 2273 2351 2537 2167 2552 2468 2540 2196 2605 2388 2328 2425 2239 2218 2288 2532 2343 2442 2303 2227 2320 2349 2142 2433 2217 2370 2245 2476 2708 2271 2571 2290 2155 2672 2244 2181
2539 2323 2632 2547 2538 2435 2537 2797 2302 2225 2343 2458 2334 2213 2280 2443 2467 2479 2579 2241 2577 2345 2449 2391 2082 2387 2444 2299 2787 2580 2087 2501 2596 2161 2264 2305 2590 2340 2479 2653 2732 2289 2436 2513 2152 2404 2545 2477 2290 2347 2682 2107 2462 2808 2630 2826 2575 2144 2478 2448 2292 2575 2251 2427 2201 2397 2241 2271 2622 2473 2625 2438 2463 2365 2463 2489 2344 2510 2528 2682 2640 2230 2585 2677 2245 2413 2505 2186 2704 2607 2653 2468 2729 2399 2206 2367 2349 2151 2339 2524 2232 2782 2244 2334 2396 2480 2225 2335 2287 2411 2451 2674 2724 2498 2277 2531 2182 2600 2335 2099
2499 2342 2417 2327 2367 2501 2251 2604 2273 2232 2288 2487 2067 2075 2417 2282 2492 2226 2320 2107 2547 2340 2477 2339 2136 2315 2439 2279 2450 2434 2038 2277 2369 2140 2509 2287 2199 2437 2354 2314 2483 2173 2417 2353 2197 2173 2457 2445 2386 2080 2348 2094 2384 2663 2440 2506 2407 2244 2397 2078 2222 2326 2176 2252 2189 2240 2329 2272 2440 2241 2430 2592 2359 2180 2518 2345 2559 2554 2233 2595 2499 2238 2316 2491 2136 2316 2232 2246 2237 2558 2360 2414 2595 2296 2200 2416 2282 2429 2273 2356 2206 2495 2272 2219 2349 2375 2061 2266 2290 2368 2239 2642 2440 2517 2272 2543 2064 2563 2277 2304
2373 2248 2411 2361 2473 2425 2090 2602 2222 2122 2340 2531 2040 2280 2353 2279 2457 2210 2549 1905 2406 2152 2479 2254 2141 2311 2405 2309 2463 2290 1973 2403 2404 2025 2342 2211 2425 2312 2399 2317 2457 2178 2268 2180 2135 2085 2192 2487 2340 2106 2572 2073 2417 2587 2396 2561 2511 1911 2428 2209 2247 2494 1940 2288 2234 2278 2170 2098 2284 2175 2376 2391 2476 2275 2388 2225 2254 2244 2220 2527 2531 1997 2244 2340 2292 2336 2253 2085 2236 2421 2332 2306 2659 2125 2400 2354 2242 2205 2297 2555 2275 2467 2246 1992 2486 2257 2082 2350 2096 2218 2422 2401 2204 2229 2264 2286 2000 2464 2244 2000
2803 2560 2689 2726 2655 2626 2667 3016 2685 2444 2626 2839 2375 2442 2583 2591 2758 2597 2636 2274 2983 2635 2715 2709 2215 2737 2855 2547 2961 2682 2226 2562 2708 2376 2616 2455 2511 2684 2582 2702 2794 2417 2632 2573 2378 2423 2847 2824 2464 2425 2932 2357 2638 2989 2763 2992 2705 2233 2569 2574 2362 2656 2514 2583 2455 2570 2488 2521 2795 2588 2739 2579 2791 2729 2742 2544 2585 2749 2584 2829 2970 2433 2550 2837 2487 2572 2458 2379 2733 2963 2790 2580 2989 2611 2480 2481 2609 2507 2696 2725 2513 2790 2461 2466 2708 2724 2497 2599 2565 2677 2689 2818 2733 2518 2490 2875 2288 2762 2453 2314
2422 2405 2321 2477 2571 2346 2436 2653 2187 2181 2406 2684 2117 2064 2394 2262 2412 2372 2426 2086 2428 2299 2380 2292 1980 2274 2441 2272 2596 2536 2090 2126 2418 2079 2293 2243 2346 2335 2433 2434 2304 2052 2309 2284 2234 2207 2378 2320 2256 2303 2392 2297 2303 2639 2365 2625 2544 1993 2382 2333 2269 2251 2076 2433 2048 2290 2225 2350 2303 2314 2613 2305 2440 2362 2623 2369 2296 2323 2353 2520 2568 2178 2269 2490 2246 2367 2269 2271 2349 2477 2533 2322 2560 2378 2245 2307 2254 2170 2165 2626 2213 2564 2251 2165 2440 2357 2235 2443 2275 2210 2406 2603 2486 2412 2327 2383 2135 2513 2345 2019
2796 2738 2666 2800 2927 2826 2647 3048 2675 2645 2801 2883 2415 2390 2773 2697 2977 2556 2746 2447 2934 2638 2847 2959 2558 2862 2829 2605 3073 2694 2442 2767 2711 2389 2790 2677 2718 2780 2608 2734 2760 2793 2763 2827 2518 2636 2618 3021 2586 2705 2878 2492 2702 2824 2945 3018 3042 2447 2780 2696 2533 2805 2483 2685 2627 2612 2547 2719 2774 2643 3028 2736 2679 2473 2945 2611 2737 2803 2836 2915 2877 2711 2776 2848 2575 2807 2610 2602 2957 3065 2690 2651 3064 2644 2576 2683 2719 2528 2531 2868 2524 3023 2765 2564 2644 2700 2674 2701 2650 2866 2783 2744 2911 2822 2627 2734 2443 2933 2480 2427
2238 2059 2238 2296 2401 2130 1905 2351 2010 1892 2279 2325 1830 1844 2151 2211 2173 2107 2290 2028 2240 1964 2258 2003 1821 2124 2157 2077 2293 2168 1861 2025 2106 2005 2142 2122 2237 2112 2182 2126 2171 2056 2021 2111 1956 2065 2034 2286 2006 2102 2373 2026 2176 2371 2094 2367 2388 1827 2114 1919 1960 2251 1973 2212 1966 2145 2033 1966 2116 2058 2249 2164 2301 1980 2211 2077 2094 2052 2288 2283 2362 1989 2233 2269 2006 2146 2104 1989 2100 2275 2174 1998 2452 2214 1901 2129 2108 2064 1932 2171 2028 2229 1921 1887 2219 2127 1997 2097 2235 2198 2337 2265 2400 2067 2023 2218 2009 2169 2119 1805
2548 2728 2561 2574 2766 2662 2448 3060 2368 2490 2417 2784 2453 2326 2588 2562 2628 2494 2721 2366 2622 2510 2573 2699 2353 2452 2770 2396 2913 2652 2295 2646 2597 2323 2498 2478 2680 2468 2640 2715 2591 2344 2444 2441 2405 2441 2464 2760 2648 2489 2797 2338 2651 3081 2608 2848 2718 2149 2558 2494 2608 2733 2274 2437 2717 2397 2446 2394 2524 2413 2802 2608 2633 2455 2545 2558 2535 2737 2568 2914 2731 2439 2596 2659 2428 2665 2446 2290 2606 2635 2616 2639 2690 2518 2564 2636 2658 2566 2384 2839 2494 2710 2414 2393 2549 2546 2312 2683 2589 2585 2634 2707 2682 2576 2501 2483 2272 2783 2573 2358
2987 2762 2778 2978 2976 2833 2703 3280 2614 2676 2854 3017 2682 2452 2810 2723 2858 2763 2920 2611 2802 2711 2740 2804 2520 2745 2936 2704 3033 3013 2361 2739 2877 2467 2838 2752 2791 2678 2757 2799 2821 2572 2628 2585 2628 2722 2856 2915 2776 2848 2962 2493 2778 3158 2926 3060 3102 2540 2738 2715 2780 2828 2553 2737 2497 2660 2665 2782 2777 2859 2982 2866 2882 2596 3017 2879 2759 2758 2917 3018 3041 2628 2703 3002 2636 3007 2841 2628 2965 2932 2863 2854 3160 2658 2648 2900 2765 2738 2575 2961 2747 3140 2756 2590 2929 2733 2760 2945 2733 2693 2787 3067 3051 2855 2759 2919 2555 3033 2769 2535
2577 2386 2619 2526 2540 2724 2246 2926 2245 2345 2300 2670 2343 2195 2428 2276 2462 2321 2421 2255 2396 2183 2317 2499 2163 2391 2374 2343 2493 2492 2165 2457 2638 2187 2528 2278 2699 2456 2441 2402 2494 2302 2461 2407 2140 2362 2340 2580 2361 2418 2494 2284 2427 2922 2580 2715 2624 2092 2455 2447 2471 2674 2012 2316 2304 2389 2349 2328 2567 2388 2648 2424 2554 2346 2496 2398 2239 2469 2529 2715 2561 2390 2440 2559 2097 2292 2427 2347 2639 2431 2497 2320 2721 2328 2406 2457 2444 2249 2222 2552 2343 2712 2207 2259 2385 2296 2220 2299 2293 2279 2392 2604 2509 2540 2422 2392 2314 2478 2269 2240
2598 2453 2320 2630 2807 2568 2374 2892 2418 2377 2443 2633 2243 2219 2524 2370 2555 2497 2688 2531 2748 2393 2603 2640 2219 2360 2615 2483 2737 2398 2083 2469 2575 2393 2801 2437 2738 2597 2541 2444 2722 2256 2371 2606 2377 2421 2447 2570 2449 2361 2598 2293 2596 2846 2659 2794 2772 2140 2635 2386 2386 2657 2261 2558 2452 2429 2563 2302 2336 2543 2710 2686 2579 2453 2548 2379 2430 2548 2514 2739 2784 2352 2449 2823 2421 2638 2498 2147 2503 2706 2677 2639 2731 2440 2348 2497 2539 2264 2398 2687 2469 2777 2476 2521 2649 2422 2443 2385 2496 2477 2646 2669 2654 2540 2593 2597 2400 2647 2247 2417
2443 2347 2555 2519 2603 2255 2324 2732 2197 2393 2274 2437 2068 1990 2265 2393 2366 2393 2573 2310 2494 2356 2567 2325 2294 2444 2507 2296 2619 2391 1890 2452 2758 2370 2502 2154 2596 2402 2565 2277 2548 2310 2208 2463 2110 2360 2341 2490 2271 2200 2551 2305 2485 2682 2481 2712 2550 1951 2358 2239 2376 2649 2251 2185 2258 2282 2293 2375 2416 2535 2597 2394 2449 2159 2445 2286 2382 2333 2338 2428 2511 2331 2395 2604 2199 2498 2402 2317 2617 2537 2470 2365 2529 2359 2343 2332 2336 2428 2231 2489 2279 2662 2195 2432 2414 2276 2453 2351 2449 2257 2469 2466 2616 2337 2379 2434 2252 2509 2113 2189
2407 2423 2320 2348 2567 2418 2216 2646 2084 2247 2207 2523 2296 2273 2326 2367 2385 2156 2335 2216 2446 2234 2194 2182 2162 2332 2529 2259 2503 2232 2012 2309 2556 2247 2313 2214 2675 2277 2575 2422 2382 2176 2280 2524 1994 2303 2369 2418 2326 2273 2523 2248 2364 2644 2454 2528 2420 2110 2505 2286 2329 2532 2014 2287 2311 2225 2432 2238 2436 2395 2590 2298 2399 2320 2299 2256 2233 2459 2356 2616 2609 2329 2442 2391 2121 2466 2319 2097 2514 2527 2614 2299 2619 2292 2454 2497 2482 2427 2323 2708 2304 2495 2215 2254 2380 2489 2079 2326 2175 2414 2293 2361 2534 2303 2399 2398 2118 2488 2238 2138
2597 2574 2497 2741 2684 2802 2427 2951 2389 2574 2556 3002 2514 2428 2531 2470 2755 2449 2477 2405 2705 2415 2610 2643 2145 2469 2594 2476 2879 2578 2343 2512 2666 2357 2726 2697 2577 2673 2495 2578 2766 2345 2556 2755 2491 2481 2473 2815 2484 2518 2717 2319 2634 2741 2577 2818 2922 2301 2558 2416 2417 2672 2466 2614 2654 2630 2331 2405 2682 2524 2789 2489 2694 2372 2735 2481 2497 2534 2605 2747 2670 2510 2702 2630 2404 2434 2693 2419 2644 2728 2567 2607 2632 2446 2459 2647 2697 2342 2407 2701 2464 2813 2437 2512 2496 2578 2439 2743 2599 2619 2719 2649 2755 2648 2592 2510 2295 2626 2284 2322
2321 2166 2375 2503 2536 2366 2131 2697 2330 2086 2334 2579 2056 2084 2281 2219 2416 2409 2567 2142 2560 2236 2423 2298 1959 2226 2303 2159 2535 2246 1881 2328 2486 2009 2257 2314 2528 2166 2428 2361 2534 2241 2254 2525 2092 2063 2175 2294 2189 2161 2370 2002 2325 2557 2469 2589 2385 1911 2528 2340 2289 2376 1973 2213 2123 2300 2280 2097 2216 2245 2594 2432 2238 2392 2376 2153 2251 2265 2557 2555 2468 2143 2414 2635 2212 2515 2362 2194 2484 2411 2542 2447 2712 2279 2272 2344 2291 2140 2174 2416 2278 2505 2283 2094 2396 2264 2177 2361 2200 2196 2304 2476 2373 2287 2277 2191 2021 2435 2052 1995
2388 2041 2438 2333 2339 2314 2046 2510 2132 2295 2116 2303 2005 1966 2092 2052 2198 1981 2210 1996 2293 2162 2241 2192 2089 2090 2198 2020 2387 2074 1778 2356 2321 1932 2197 2197 2350 2242 2109 2136 2429 1975 2144 2258 1982 2099 2086 2190 2217 2124 2404 2023 1984 2414 2360 2416 2380 1932 2090 2148 2132 2167 1984 2200 1945 1950 2032 2177 2316 2105 2313 2164 2336 2045 2224 2090 2067 2065 2259 2353 2342 2080 2126 2081 2047 2266 2140 2191 2341 2307 2191 2054 2322 2025 2106 2083 2189 2025 2097 2214 2053 2433 1967 2052 2040 1997 2072 2045 2027 2168 2153 2288 2411 2080 2065 2178 1907 2399 2208 1925
2204 2165 2413 2177 2432 2409 2005 2463 2237 1970 2285 2299 1934 1996 2169 2360 2262 2110 2293 2036 2410 2112 2260 2282 2100 2148 2344 2151 2337 2252 1871 2307 2116 1834 2246 2150 2305 2288 2208 2220 2391 2153 2294 2353 2052 2076 1979 2412 2230 2032 2284 2152 2220 2372 2299 2399 2315 1812 2254 2291 2189 2230 2064 2253 2262 2191 2071 2235 2184 2136 2382 2301 2268 2043 2274 2147 2056 2276 2257 2323 2520 1957 2116 2343 2101 2365 2457 2042 2211 2332 2278 2176 2561 2185 1840 2184 2044 2219 2061 2429 2120 2431 2111 2008 2112 2140 2075 2143 2082 2166 2321 2405 2182 2280 2027 2189 1955 2341 2092 1896
2643 2378 2651 2683 2673 2698 2211 2805 2214 2409 2523 2648 2592 2406 2446 2545 2646 2345 2480 2430 2638 2426 2454 2556 2301 2518 2604 2342 2729 2618 2203 2440 2488 2269 2438 2450 2770 2386 2441 2506 2654 2252 2420 2441 2291 2393 2388 2465 2546 2273 2653 2216 2597 2896 2700 2763 2689 2326 2515 2474 2398 2591 2223 2510 2343 2333 2414 2254 2399 2338 2759 2603 2636 2424 2526 2403 2530 2640 2501 2737 2611 2312 2401 2438 2262 2553 2489 2361 2535 2526 2703 2573 2867 2461 2331 2506 2292 2359 2423 2618 2428 2599 2189 2377 2328 2481 2116 2405 2379 2557 2458 2597 2743 2579 2625 2498 2139 2721 2325 2406
2381 2272 2442 2540 2516 2441 2207 2470 2313 2203 2474 2567 2246 2243 2351 2398 2532 2237 2489 2068 2573 2310 2551 2274 2121 2502 2458 2361 2566 2336 2044 2423 2536 2397 2385 2375 2581 2476 2404 2334 2660 2220 2381 2506 2257 2307 2473 2446 2416 2316 2571 2140 2358 2718 2616 2597 2549 2038 2265 2330 2303 2549 2077 2290 2236 2381 2220 2328 2429 2255 2526 2242 2543 2432 2380 2552 2454 2317 2366 2457 2715 2126 2381 2424 2213 2410 2449 2218 2310 2685 2507 2248 2585 2289 2266 2426 2440 2346 2305 2501 2348 2467 2175 2352 2354 2295 2187 2367 2267 2598 2386 2468 2657 2495 2394 2462 2039 2582 2347 2212
2484 2373 2368 2355 2646 2428 2096 2759 2150 2223 2278 2578 2189 2207 2263 2366 2297 2364 2456 2121 2505 2172 2437 2360 2034 2329 2426 2284 2624 2324 2044 2339 2435 1956 2248 2342 2401 2264 2255 2426 2470 2290 2201 2349 2124 2329 2202 2387 2261 2172 2375 2180 2445 2590 2272 2430 2398 2057 2495 2253 2210 2467 2239 2345 2398 2251 2269 2079 2390 2339 2535 2442 2328 2189 2307 2348 2254 2429 2353 2585 2394 2274 2368 2478 2178 2415 2356 2179 2437 2329 2492 2287 2490 2338 2127 2400 2303 2263 2112 2434 2382 2557 2247 2195 2439 2354 2157 2348 2261 2130 2390 2571 2437 2199 2227 2369 2248 2477 2234 2041
2505 2598 2524 2754 2712 2457 2577 2887 2690 2603 2474 2855 2323 2320 2583 2494 2596 2512 2502 2361 2803 2532 2542 2655 2096 2507 2699 2321 2717 2594 2230 2814 2695 2298 2559 2381 2610 2662 2468 2660 2665 2467 2630 2545 2321 2572 2434 2830 2555 2577 2746 2435 2532 2982 2671 3001 2958 2137 2491 2632 2529 2584 2316 2560 2493 2517 2395 2479 2580 2363 2871 2549 2657 2563 2740 2563 2508 2807 2687 3034 2814 2517 2535 2813 2367 2438 2495 2441 2738 2905 2791 2458 2868 2410 2485 2600 2631 2220 2437 2738 2416 2814 2432 2454 2353 2677 2490 2580 2618 2440 2610 2590 2701 2626 2538 2618 2369 2758 2461 2366
2511 2414 2363 2557 2409 2519 2277 2679 2207 2137 2261 2555 2307 2150 2443 2323 2549 2368 2241 2032 2572 2406 2512 2306 2076 2247 2508 2235 2439 2540 1908 2362 2542 2182 2350 2196 2467 2416 2494 2421 2433 2122 2480 2256 2151 2312 2433 2578 2180 2198 2473 2187 2383 2748 2581 2839 2629 2041 2424 2212 2325 2379 2158 2422 2120 2113 2199 2407 2392 2352 2350 2266 2662 2128 2477 2474 2338 2461 2370 2614 2526 2240 2517 2509 2176 2305 2342 2217 2342 2527 2443 2333 2651 2326 2301 2349 2360 2042 2341 2636 2149 2428 2174 2086 2356 2318 2223 2324 2314 2295 2275 2353 2498 2355 2398 2424 2192 2551 2193 2142
2678 2599 2660 2842 2844 2786 2436 2959 2631 2622 2477 3110 2251 2460 2571 2717 2785 2503 2645 2476 2717 2469 2682 2620 2405 2696 2633 2533 2984 2701 2053 2779 2807 2650 2854 2586 2888 2704 2896 2604 2741 2487 2560 2739 2326 2808 2588 2867 2731 2817 2919 2483 2659 3017 2829 2951 3023 2292 2780 2572 2587 2602 2410 2462 2643 2444 2715 2587 2645 2740 2935 2635 2737 2385 2765 2472 2618 2668 2810 2947 2940 2550 2662 2699 2272 2816 2534 2618 2778 2787 2862 2648 2887 2508 2602 2789 2959 2540 2399 2860 2576 2776 2530 2517 2658 2613 2607 2601 2688 2729 2650 2658 2834 2785 2661 2743 2452 2778 2635 2605
2655 2289 2387 2758 2569 2785 2401 3008 2426 2505 2704 2772 2366 2194 2576 2428 2632 2515 2501 2354 2736 2375 2590 2654 2167 2563 2544 2457 2889 2741 2322 2479 2618 2531 2593 2550 2603 2563 2525 2609 2592 2253 2416 2648 2418 2441 2751 2686 2579 2599 2680 2197 2555 2727 2606 2803 2666 2336 2635 2692 2470 2524 2195 2341 2341 2420 2348 2476 2558 2451 2967 2629 2637 2423 2567 2561 2537 2530 2464 2852 2834 2393 2441 2795 2415 2601 2544 2372 2650 2591 2731 2555 2774 2248 2379 2440 2563 2411 2442 2863 2431 2768 2361 2405 2532 2510 2380 2592 2390 2629 2634 2716 2591 2812 2389 2635 2312 2632 2508 2372
2416 2328 2496 2555 2645 2599 2338 2768 2303 2268 2356 2610 2177 2141 2358 2305 2411 2403 2550 2346 2441 2206 2344 2305 2043 2380 2419 2153 2515 2438 2071 2486 2571 2136 2541 2410 2469 2367 2415 2483 2420 2277 2337 2441 2071 2355 2412 2680 2522 2567 2488 2262 2544 2674 2496 2625 2588 2187 2462 2398 2480 2397 2212 2363 2152 2271 2394 2334 2359 2434 2569 2342 2551 2274 2483 2454 2403 2427 2438 2589 2689 2079 2488 2498 2291 2504 2471 2354 2515 2390 2627 2488 2712 2283 2416 2276 2346 2421 2239 2640 2384 2636 2340 2394 2443 2475 2357 2367 2240 2423 2495 2623 2565 2574 2330 2392 2160 2576 2326 2271
2671 2547 2602 2540 2797 2585 2383 2877 2467 2431 2632 2623 2118 2231 2705 2444 2692 2694 2679 2123 2690 2416 2648 2551 2283 2487 2597 2267 2667 2337 2213 2633 2378 2101 2490 2300 2629 2582 2522 2668 2492 2491 2461 2600 2343 2423 2333 2631 2606 2313 2707 2399 2647 2752 2643 2791 2566 2091 2581 2443 2465 2668 2077 2511 2560 2628 2413 2522 2490 2360 2746 2529 2651 2461 2498 2424 2403 2557 2719 2724 2703 2513 2619 2585 2449 2616 2346 2330 2591 2598 2482 2415 2784 2394 2373 2495 2450 2314 2419 2751 2493 2643 2497 2232 2511 2322 2334 2468 2302 2557 2487 2821 2667 2527 2466 2424 2289 2749 2525 2300
2492 2480 2489 2527 2538 2553 2200 2764 2393 2304 2288 2600 2270 2156 2546 2219 2721 2282 2539 2225 2471 2325 2407 2397 2139 2460 2548 2372 2593 2350 1995 2385 2489 2030 2491 2269 2484 2356 2458 2310 2538 2187 2334 2314 2314 2423 2296 2778 2209 2367 2584 2247 2611 2464 2379 2705 2480 2109 2334 2369 2383 2389 2354 2383 2378 2315 2369 2396 2294 2222 2549 2371 2482 2320 2368 2359 2244 2236 2569 2553 2543 2191 2381 2503 2200 2391 2265 2250 2512 2586 2543 2264 2757 2466 2277 2335 2333 2200 2245 2438 2356 2582 2293 2111 2366 2482 2238 2350 2428 2414 2513 2583 2519 2338 2462 2412 1984 2481 2392 2212
2642 2563 2610 2740 2720 2464 2439 2948 2461 2357 2645 2883 2337 2421 2559 2532 2664 2752 2742 2406 2743 2449 2656 2568 2064 2595 2713 2319 2850 2701 2261 2609 2475 2197 2377 2559 2504 2319 2586 2719 2600 2465 2678 2603 2302 2498 2474 2735 2366 2465 2756 2437 2685 2705 2614 2909 2686 2228 2642 2477 2477 2560 2341 2580 2455 2644 2362 2390 2658 2495 2676 2478 2677 2401 2698 2542 2443 2542 2554 2688 2812 2658 2557 2762 2461 2568 2577 2341 2647 2639 2728 2394 2829 2510 2438 2492 2477 2457 2341 2625 2470 2789 2522 2343 2565 2464 2360 2718 2484 2432 2719 2751 2655 2499 2407 2716 2292 2700 2411 2414
2745 2708 2726 2929 2937 2873 2615 2941 2682 2511 2788 3058 2473 2487 2528 2714 2793 2745 2785 2360 3019 2674 2802 2679 2316 2615 2879 2582 2956 2567 2513 2721 2753 2378 2773 2567 2539 2774 2722 2774 2796 2546 2628 2783 2620 2638 2720 3012 2738 2606 2868 2378 2838 3040 2800 2993 2869 2398 2622 2709 2581 2666 2575 2783 2516 2562 2499 2614 2707 2788 2845 2651 2787 2633 2792 2517 2541 2752 2613 2990 2888 2572 2833 2608 2611 2609 2697 2348 2663 2863 2922 2696 2923 2672 2484 2622 2783 2425 2662 2843 2649 2888 2563 2387 2672 2794 2477 2718 2533 2569 2773 2740 2758 2681 2626 2731 2429 2912 2522 2424
2406 2273 2228 2426 2543 2405 2226 2775 2368 2188 2312 2536 2153 2211 2326 2315 2525 2294 2459 1906 2579 2270 2526 2234 2118 2288 2467 2310 2658 2364 1879 2296 2581 2108 2429 2404 2382 2322 2465 2476 2434 2193 2246 2293 2337 2338 2362 2516 2318 2244 2612 2154 2328 2585 2534 2523 2483 2078 2383 2435 2332 2510 2092 2243 2202 2149 2291 2320 2324 2337 2550 2319 2358 2358 2433 2396 2425 2449 2423 2575 2473 2171 2436 2492 2214 2375 2403 2220 2517 2523 2460 2248 2654 2406 2267 2306 2242 2306 2324 2410 2370 2474 2278 2136 2393 2450 2340 2425 2359 2484 2274 2489 2487 2234 2328 2539 2044 2653 2340 2104
2773 2514 2601 2528 2702 2677 2486 2960 2453 2545 2570 2839 2455 2468 2691 2678 2717 2588 2615 2326 2741 2581 2804 2615 2272 2583 2588 2577 2884 2684 2263 2644 2659 2358 2674 2486 2778 2593 2668 2543 2858 2581 2684 2744 2308 2612 2512 2687 2530 2438 2782 2427 2716 3063 2606 2876 2809 2371 2628 2467 2447 2655 2456 2741 2431 2592 2497 2523 2644 2579 2816 2656 2613 2475 2683 2443 2615 2787 2662 2810 2904 2430 2667 2706 2434 2656 2623 2567 2766 2770 2675 2509 2845 2681 2469 2679 2631 2368 2433 2742 2477 2919 2340 2585 2609 2445 2482 2523 2562 2569 2538 2819 2827 2688 2580 2544 2444 2829 2321 2368
2292 2251 2443 2307 2540 2450 2225 2565 2187 2220 2263 2330 2083 2131 2236 2242 2502 2271 2465 1988 2601 2257 2487 2237 1998 2370 2337 2167 2586 2183 1894 2443 2359 1935 2347 2277 2411 2301 2189 2299 2466 2178 2234 2443 2024 2061 2242 2449 2306 2219 2537 2018 2303 2617 2487 2527 2548 1974 2263 2261 2219 2398 2068 2284 2110 2188 2209 2247 2310 2209 2507 2220 2433 2284 2312 2147 2457 2317 2367 2417 2395 2231 2412 2339 2154 2268 2236 2128 2242 2574 2485 2247 2479 2339 2177 2368 2316 2239 2153 2382 2204 2312 2096 2179 2185 2265 2151 2141 2327 2330 2333 2418 2399 2419 2227 2340 2121 2356 2075 2055
2460 2407 2507 2647 2678 2610 2435 2922 2274 2279 2588 2584 2258 2106 2428 2261 2593 2367 2471 2163 2514 2625 2440 2485 2161 2433 2571 2541 2843 2332 2248 2395 2575 2268 2554 2550 2420 2453 2363 2532 2588 2330 2362 2618 2202 2267 2311 2614 2358 2517 2379 2310 2539 2718 2693 2785 2765 2082 2327 2335 2614 2681 2163 2482 2401 2249 2405 2377 2634 2532 2587 2510 2542 2302 2410 2263 2318 2428 2598 2560 2599 2340 2551 2424 2408 2453 2428 2169 2466 2711 2637 2405 2654 2428 2272 2418 2624 2426 2139 2460 2341 2749 2356 2396 2490 2515 2209 2378 2519 2303 2584 2783 2631 2463 2404 2487 2302 2667 2345 2187
2710 2450 2585 2549 2512 2514 2442 2742 2486 2305 2600 2707 2209 2160 2591 2469 2641 2398 2512 2349 2492 2410 2630 2501 2234 2474 2545 2328 2776 2497 2104 2499 2711 2406 2637 2383 2630 2458 2595 2484 2578 2259 2525 2757 2446 2620 2514 2696 2456 2248 2729 2373 2399 2820 2541 2590 2503 2181 2497 2450 2528 2582 2318 2368 2376 2219 2366 2386 2457 2215 2741 2387 2472 2536 2596 2642 2404 2439 2358 2752 2617 2253 2381 2684 2387 2551 2432 2313 2541 2542 2545 2306 2973 2436 2499 2402 2417 2436 2213 2406 2376 2494 2230 2362 2360 2577 2396 2420 2424 2623 2364 2679 2649 2538 2492 2661 2175 2677 2281 2306
2362 2306 2431 2583 2552 2225 2248 2557 2238 2348 2277 2478 2256 2113 2348 2413 2308 2237 2340 2209 2552 2411 2373 2353 2025 2470 2405 2212 2609 2338 2043 2560 2548 2228 2496 2131 2495 2374 2307 2422 2529 2379 2457 2448 2054 2300 2257 2577 2333 2285 2656 2244 2386 2679 2407 2540 2527 2119 2316 2287 2276 2483 2246 2360 2225 2292 2275 2298 2300 2385 2530 2284 2357 2359 2487 2362 2341 2501 2395 2576 2539 2149 2346 2512 2109 2337 2270 2298 2432 2521 2353 2227 2571 2208 2166 2350 2460 2079 2171 2391 2424 2576 2146 2449 2065 2328 2162 2313 2402 2319 2277 2449 2569 2356 2407 2352 2057 2556 2002 2216
2303 2373 2372 2494 2616 2316 2230 2656 2104 2260 2287 2457 2328 2007 2442 2319 2453 2343 2417 2092 2479 2380 2366 2403 2275 2149 2465 2127 2439 2179 2013 2388 2352 2031 2383 2185 2185 2236 2280 2414 2368 2083 2380 2330 2141 2285 2175 2541 2335 2159 2527 2191 2368 2712 2541 2750 2597 2081 2370 2186 2285 2656 2092 2287 2250 2232 2266 2387 2385 2480 2580 2411 2562 2236 2592 2290 2352 2361 2388 2526 2456 2213 2438 2388 2124 2449 2324 1978 2458 2546 2363 2286 2554 2449 2206 2267 2444 2180 2118 2389 2431 2520 2292 2264 2370 2457 2090 2345 2177 2240 2234 2556 2506 2208 2269 2478 2191 2548 2253 2183
2489 2434 2418 2343 2461 2520 2347 2688 2212 2326 2232 2475 2150 2176 2263 2294 2581 2325 2367 2141 2584 2147 2389 2474 2157 2440 2448 2241 2755 2328 2011 2453 2337 2198 2498 2299 2454 2429 2362 2442 2411 2153 2381 2240 2278 2310 2422 2674 2469 2250 2719 2184 2502 2671 2519 2602 2589 2015 2477 2341 2329 2592 2244 2256 2340 2358 2133 2359 2297 2104 2624 2512 2605 2238 2316 2384 2274 2340 2408 2607 2470 2285 2459 2335 2277 2509 2346 2247 2467 2469 2328 2392 2562 2224 2381 2449 2433 2302 2334 2573 2337 2514 2239 2206 2422 2397 2338 2382 2186 2390 2465 2508 2531 2330 2460 2423 2064 2562 2354 2042
2404 2364 2373 2491 2500 2188 2403 2704 2146 2164 2172 2575 2076 2055 2328 2379 2317 2393 2476 2136 2493 2219 2481 2432 2058 2336 2416 2215 2599 2243 1935 2470 2483 2134 2359 2115 2387 2291 2461 2496 2502 2131 2298 2397 2135 2454 2278 2443 2210 2211 2541 1949 2251 2640 2494 2660 2628 1872 2432 2216 2288 2386 2179 2124 2341 2209 2274 2309 2407 2348 2583 2338 2408 2370 2493 2399 2317 2398 2357 2539 2612 2277 2462 2393 2151 2429 2447 2112 2478 2600 2443 2334 2638 2385 2282 2293 2236 2143 2223 2425 2210 2688 2374 2095 2396 2331 2296 2453 2310 2348 2231 2370 2433 2404 2374 2380 2114 2555 2427 2027
2535 2529 2650 2418 2502 2543 2178 2667 2231 2363 2361 2688 2172 2217 2602 2497 2533 2457 2514 2201 2622 2209 2388 2675 2181 2384 2570 2287 2674 2485 2088 2637 2580 2234 2541 2521 2428 2457 2476 2451 2677 2219 2338 2473 2231 2395 2386 2568 2467 2171 2646 2162 2410 2911 2402 2635 2559 1967 2472 2264 2352 2449 2311 2345 2435 2416 2355 2357 2409 2489 2693 2443 2629 2389 2573 2440 2371 2626 2421 2708 2601 2330 2433 2456 2282 2570 2455 2468 2605 2543 2553 2605 2638 2399 2512 2650 2633 2310 2430 2469 2414 2638 2356 2455 2345 2428 2272 2474 2379 2473 2506 2607 2680 2406 2490 2404 2054 2624 2227 2300
2721 2638 2721 2864 2807 2810 2679 3102 2669 2544 2710 2862 2477 2270 2674 2488 2881 2564 2882 2457 2762 2577 2757 2674 2405 2709 2695 2591 3025 2694 2466 2726 2872 2385 2819 2588 2797 2674 2657 2825 2810 2507 2598 2529 2531 2642 2666 2863 2670 2736 2838 2517 2675 3105 3013 3108 3120 2275 2639 2631 2667 2831 2350 2621 2522 2556 2609 2676 2805 2661 2934 2709 2779 2652 2841 2688 2759 2739 2860 2907 2903 2621 2770 2930 2474 2580 2633 2399 2727 2935 2896 2668 2811 2652 2671 2590 2522 2546 2549 2823 2541 2997 2581 2644 2741 2704 2551 2776 2758 2690 2611 2919 2846 2723 2745 2828 2534 3006 2562 2397
2400 2322 2336 2622 2527 2448 2139 2676 2328 2352 2252 2432 2260 2129 2546 2209 2374 2385 2399 2098 2368 2341 2356 2389 2087 2097 2314 2302 2698 2376 2066 2368 2455 2165 2343 2248 2532 2333 2402 2427 2371 2238 2381 2389 2241 2352 2359 2388 2426 2379 2448 2144 2423 2603 2487 2738 2556 2140 2370 2197 2269 2474 2045 2360 2317 2411 2212 2390 2254 2268 2534 2434 2554 2231 2371 2552 2311 2385 2530 2691 2591 2267 2367 2561 2163 2531 2314 2436 2437 2400 2589 2410 2527 2182 2224 2251 2353 2376 2250 2606 2269 2646 2232 2191 2327 2264 2394 2372 2181 2341 2473 2478 2591 2325 2575 2319 2129 2646 2290 2131
2378 2363 2505 2551 2447 2186 2307 2608 2382 2169 2357 2623 2033 1974 2367 2348 2429 2407 2645 2217 2626 2396 2505 2302 2041 2355 2546 2206 2564 2507 1964 2525 2387 2295 2391 2156 2598 2294 2435 2383 2575 2092 2458 2641 2254 2259 2331 2281 2286 2309 2607 2159 2325 2640 2497 2745 2496 2040 2347 2370 2303 2405 1900 2345 2305 2251 2140 2273 2270 2409 2524 2350 2424 2159 2427 2248 2321 2288 2471 2577 2434 2281 2333 2574 2268 2302 2448 2130 2505 2467 2427 2255 2601 2431 2208 2325 2222 2246 2306 2397 2250 2647 2291 2337 2356 2338 2281 2534 2254 2279 2446 2430 2651 2310 2407 2337 2156 2666 2297 2108
2450 2548 2478 2494 2582 2738 2406 2769 2385 2323 2381 2778 2339 2384 2494 2384 2695 2266 2598 2183 2598 2279 2547 2480 2106 2464 2463 2475 2654 2571 2168 2646 2574 2340 2573 2579 2630 2490 2643 2508 2781 2407 2607 2408 2108 2335 2432 2760 2556 2587 2568 2385 2433 2818 2790 2786 2879 2101 2538 2471 2325 2636 2209 2511 2346 2403 2526 2375 2624 2478 2675 2495 2569 2450 2576 2340 2487 2604 2606 2712 2731 2350 2430 2507 2378 2468 2548 2443 2440 2699 2777 2466 2673 2503 2596 2572 2538 2560 2446 2700 2411 2843 2268 2463 2439 2617 2392 2535 2519 2464 2542 2546 2598 2339 2574 2532 2219 2549 2361 2331
2321 2500 2468 2625 2467 2558 2334 2962 2407 2361 2425 2718 2094 2112 2401 2282 2613 2190 2446 2185 2713 2294 2532 2426 2117 2513 2537 2476 2702 2493 2046 2289 2476 2119 2460 2199 2439 2315 2516 2319 2345 2307 2426 2425 2146 2265 2479 2727 2489 2427 2612 2140 2627 2718 2549 2755 2565 2003 2401 2450 2578 2443 2141 2300 2481 2206 2312 2391 2568 2451 2578 2477 2483 2220 2547 2201 2343 2401 2654 2547 2449 2315 2383 2403 2218 2428 2278 2232 2631 2655 2370 2470 2749 2409 2439 2312 2485 2235 2261 2463 2444 2551 2396 2158 2388 2387 2404 2488 2417 2369 2608 2469 2622 2523 2363 2356 2018 2525 2339 2138
